chr	start.index	end.index	start.rsID	end.rsID	start.bp	end.bp
21	1	14	rs78200054	rs372623343	9411410	9417127
21	16	21	rs66525445	rs71220063	9417961	9419909
21	22	23	rs71220060	rs1850112	9420440	9420476
21	30	31	rs572597602	rs535212017	9431839	9431841
21	32	33	rs554925814	rs574919545	9432191	9432224
21	35	36	rs560429527	rs529391366	9432346	9432347
21	37	38	rs562843516	rs531752127	9432456	9432457
21	42	43	rs148318832	rs546373346	9438531	9442175
21	44	45	rs560838421	rs529728238	9442544	9442545
21	48	49	rs556038829	rs372796018	9448237	9448874
21	54	56	rs368741731	rs370881841	9456045	9456326
21	62	63	rs572388728	rs541353203	9471017	9471021
21	64	65	rs562602787	rs531349332	9471357	9471366
21	68	74	rs575077928	rs376039415	9472828	9473929
21	83	85	rs553581438	rs534680183	9478024	9478027
21	86	87	rs189403754	rs562036486	9479686	9479702
21	90	92	rs538030587	rs191341576	9488971	9489417
21	95	98	rs148691174	rs373788636	9489527	9489703
21	99	151	rs147740501	rs147075201	9491375	9527782
21	153	155	rs540211980	rs530028472	9534453	9537483
21	157	158	rs535279267	rs375085868	9537963	9537964
21	159	164	rs372266282	rs368109465	9538272	9541294
21	174	175	rs375211784	rs566682711	9547445	9547523
21	179	180	rs536422311	rs556740018	9549614	9549615
21	182	184	rs373321187	rs374604887	9551115	9551691
21	185	187	rs376884312	rs375266867	9551839	9551884
21	188	189	rs189168059	rs181888158	9552124	9552125
21	197	200	rs565612934	rs537289404	9560741	9561133
21	204	243	rs79995548	rs193109339	9571074	9591105
21	246	247	rs79081621	rs76242579	9592938	9593527
21	251	380	rs71262411	rs77863943	9646062	9732460
21	391	392	rs372595965	rs368183483	9768697	9768747
21	393	394	rs188022841	rs369518672	9769007	9769121
21	398	399	rs559567833	rs528389385	9827521	9827522
21	401	408	rs78950251	rs75140497	9827874	9828830
21	413	414	rs577080509	rs546114582	9829758	9829759
21	423	430	rs76775757	rs76894384	9830674	9830964
21	432	433	rs76132195	rs78991566	9831492	9831493
21	434	435	rs71265681	rs77267992	9831663	9831775
21	436	438	rs76812529	rs377555029	9831891	9832498
21	444	445	rs75716404	rs79480568	9833716	9833717
21	450	451	rs376473901	rs75848507	9833971	9833972
21	455	456	rs567670462	rs76438920	9834733	9834737
21	461	462	rs79120404	rs74969518	9835215	9835216
21	469	474	rs2315791	rs370412861	9837905	9839791
21	478	493	rs373592769	rs77364962	9839992	9846822
21	496	506	rs71218498	rs71223258	9849359	9852369
21	508	509	rs71243915	rs541199028	9853470	9853473
21	511	512	rs79563125	rs80296111	9854189	9854191
21	515	516	rs75422217	rs79498778	9854532	9854533
21	519	520	rs534874183	rs554579847	9855929	9855930
21	523	532	rs146444499	rs76091764	9857568	9861139
21	533	561	rs146840680	rs74615790	9861142	9879840
21	569	573	rs376243077	rs372518183	9883127	9886402
21	574	576	rs552045926	rs552964654	9891891	9891930
21	579	586	rs574117322	rs7692199	9902558	9908330
21	588	816	rs76328985	rs368889919	9910074	10015178
21	819	821	rs536352381	rs369761112	10024147	10024476
21	824	825	rs370220027	rs374373576	10031728	10031831
21	827	829	rs371293524	rs368527570	10085649	10085654
21	831	833	rs569076240	rs558272230	10087064	10087068
21	834	836	rs375362204	rs556471031	10092719	10100883
21	837	838	rs374854815	rs376166087	10101480	10101514
21	840	842	rs374965762	rs371921885	10126782	10131915
21	845	848	rs578161237	rs573941384	10141532	10141535
21	849	850	rs372168964	rs536347579	10151068	10157925
21	856	857	rs371361364	rs376232428	10187291	10187293
21	860	861	rs374403603	rs557740289	10200902	10200903
21	864	865	rs547078259	rs567181459	10205434	10205435
21	866	870	rs372309948	rs375719050	10205589	10208997
21	871	872	rs4118528	rs78756897	10209579	10209968
21	874	876	rs527858118	rs368117819	10370644	10374201
21	877	878	rs2677974	rs368472558	10389754	10390716
21	881	882	rs374145032	rs368663717	10405994	10405997
21	891	892	rs2995435	rs2995436	10420606	10420607
21	904	905	rs2995451	rs2948860	10444217	10444219
21	966	967	rs71217788	rs71217789	10562799	10562814
21	976	986	rs79387634	rs78228042	10596026	10606631
21	990	1001	rs71272146	rs376735048	10618693	10625177
21	1008	1012	rs527838840	rs78204587	10633282	10642010
21	1019	1020	rs368953020	rs112954616	10698705	10698707
21	1023	1024	rs71245707	rs149853400	10699075	10699076
21	1025	1563	rs28818857	rs551743	10699325	10933422
21	1564	1565	rs376171437	rs573333542	10934245	10934247
21	1566	1567	rs689289	rs689278	10937922	10937924
21	1572	1573	rs4528861	rs210535	10951161	10951162
21	1577	1608	rs468525	rs469840	10970017	11001772
21	1609	1611	rs577586830	rs553808485	11005240	11005242
21	1613	1614	rs200407305	rs550239163	11014870	11014874
21	1615	1616	rs8132594	rs8129472	11020455	11020456
21	1622	1623	rs540042589	rs8133687	11022511	11022513
21	1625	1627	rs74465496	rs201974516	11022834	11022839
21	1632	1633	rs2838154	rs4244074	11023368	11023369
21	1635	1636	rs10154097	rs10154195	11023954	11023955
21	1637	1638	rs199524172	rs8131529	11025140	11025142
21	1646	1648	rs4286360	rs2838162	11028068	11028081
21	1651	1652	rs633364	rs633366	11028550	11028552
21	1655	1656	rs405559	rs74408475	11030862	11030895
21	1662	1663	rs8128840	rs2979619	11032173	11032175
21	1665	1666	rs2479471	rs2480032	11033803	11033804
21	1668	1669	rs1617938	rs2037980	11034041	11034046
21	1673	1674	rs3902119	rs4484117	11035207	11035210
21	1676	1677	rs2257911	rs2430054	11035311	11035313
21	1680	1681	rs1830442	rs2768870	11036834	11036836
21	1682	1683	rs673211	rs76662241	11037148	11037151
21	1699	1700	rs10222042	rs58170557	11043946	11043950
21	1706	1707	rs2951033	rs9789893	11046604	11046605
21	1712	1713	rs468062	rs468605	11047979	11047980
21	1714	1715	rs12329732	rs468013	11048019	11048020
21	1716	1717	rs2740331	rs457619	11048190	11048194
21	1722	1725	rs1640137	rs2259246	11049225	11049231
21	1726	1727	rs28441174	rs28537865	11049621	11049623
21	1734	1735	rs2537298	rs2537299	11051839	11051840
21	1736	1737	rs7275781	rs4111238	11052607	11052611
21	1738	1739	rs2979625	rs2979626	11053053	11053055
21	1743	1744	rs2908363	rs2698586	11053903	11053906
21	1745	1746	rs556439022	rs2770429	11054178	11054180
21	1747	1748	rs2775327	rs2259004	11054280	11054282
21	1752	1753	rs157528	rs4111235	11055513	11055514
21	1754	1755	rs1854378	rs3898954	11055963	11055966
21	1763	1764	rs2740309	rs2698579	11058948	11058949
21	1768	1769	rs8127502	rs8132494	11062489	11062490
21	1775	1776	rs8127616	rs8127617	11064518	11064520
21	1791	1793	rs10154153	rs12162569	11071215	11071220
21	1795	1796	rs2979599	rs4627675	11071881	11071883
21	1808	1809	rs79404545	rs80107598	11077915	11077916
21	1815	1816	rs2459179	rs2459178	11080010	11080032
21	1823	1824	rs4605458	rs4444628	11082211	11082213
21	1828	1830	rs61543948	rs57132742	11083638	11083654
21	1836	1837	rs77671641	rs2943982	11085235	11085237
21	1849	1850	rs461789	rs4635614	11093725	11093726
21	1851	1852	rs465709	rs4913750	11093820	11093821
21	1854	1855	rs595623	rs1831213	11094910	11094914
21	1860	1861	rs7278784	rs7278785	11097143	11097147
21	1862	1863	rs200140180	rs2740281	11097275	11097276
21	1872	1873	rs71243992	rs1810405	11100453	11100457
21	1880	1881	rs62210316	rs62210317	11107116	11107120
21	1896	1897	rs112651997	rs112620374	11111611	11111615
21	1900	1901	rs76839900	rs78291405	11111721	11111722
21	1905	1906	rs2340551	rs2340552	11113066	11113067
21	1912	1913	rs76015025	rs77065931	11113856	11113862
21	1917	1919	rs78398601	rs140960583	11114891	11114893
21	1924	1925	rs10446224	rs10446225	11116647	11116653
21	1927	1928	rs199534361	rs1854254	11117542	11117543
21	1939	1940	rs7280267	rs2341325	11121128	11121132
21	1941	1942	rs149593139	rs143414902	11122658	11122659
21	1943	1944	rs139414507	rs455472	11122664	11122667
21	1953	1954	rs12626566	rs12626867	11124187	11124199
21	1956	1957	rs62213863	rs62213864	11124489	11124492
21	1962	1963	rs1782841	rs1739183	11125265	11125266
21	1965	1966	rs28678891	rs2480035	11125424	11125427
21	1968	1969	rs7509732	rs9980403	11125612	11125613
21	1971	1974	rs75954645	rs76448377	11126185	11126188
21	1975	1976	rs78998388	rs79860531	11126266	11126268
21	1977	1978	rs61358538	rs75210717	11126288	11126289
21	1986	1988	rs76643232	rs79709321	11128370	11128387
21	1991	1992	rs77788148	rs55856423	11128968	11128969
21	1993	1994	rs78913284	rs77107873	11129073	11129074
21	1998	1999	rs79560626	rs80240838	11129280	11129281
21	2004	2005	rs77819058	rs603299	11129979	11129980
21	2007	2008	rs2339079	rs2339080	11130218	11130221
21	2010	2011	rs10433016	rs4468902	11130820	11130821
21	2019	2020	rs62219832	rs79162212	11131402	11131406
21	2033	2034	rs12162557	rs77915200	11132600	11132610
21	2035	2039	rs568422183	rs545962243	11132749	11132761
21	2041	2042	rs2770475	rs80044838	11135444	11135447
21	2047	2048	rs11184087	rs11184088	11137662	11137674
21	2049	2053	rs75947397	rs80333830	11137784	11137800
21	2054	2055	rs71273539	rs10439764	11137844	11137847
21	2056	2057	rs3118653	rs76798137	11137935	11137939
21	2061	2062	rs28468585	rs28643537	11138260	11138265
21	2085	2086	rs2339065	rs2339066	11146318	11146319
21	2089	2091	rs2951057	rs2951059	11147868	11147889
21	2094	2095	rs9712653	rs9712756	11149166	11149167
21	2107	2108	rs62221460	rs62221461	11162038	11162042
21	2114	2115	rs2002788	rs2006087	11179799	11179800
21	2120	2121	rs1806907	rs8131346	11186097	11186098
21	2130	2153	rs11088639	rs55903809	14342610	14368287
21	2157	2158	rs4390833	rs4390834	14371551	14371552
21	2171	2172	rs456911	rs464834	14389558	14389559
21	2175	2176	rs12483449	rs12481833	14392518	14392519
21	2178	2179	rs142570921	rs71209559	14392740	14392741
21	2180	2181	rs75007102	rs57752579	14392762	14392763
21	2189	2190	rs458281	rs458425	14396348	14396349
21	2200	2201	rs7277878	rs11088763	14406506	14406514
21	2231	2763	rs6516553	rs4083429	14439867	14835272
21	2766	2996	rs455491	rs9647206	14837184	14956938
21	2997	3013	rs6517857	rs78757347	14957211	14978424
21	3016	3017	rs139154616	rs111952984	14999835	15000258
21	3019	3026	rs532933198	rs200053244	15011681	15011856
21	3027	3028	rs200867471	rs200784757	15011942	15011945
21	3029	3031	rs376408187	rs568883905	15012050	15012081
21	3032	3033	rs371411863	rs551408102	15012095	15012102
21	3035	3058	rs62211847	rs7277846	15017352	15027717
21	3063	3064	rs7275964	rs7276264	15090177	15090335
21	3066	3068	rs71215248	rs56034639	15126977	15136191
21	3069	3096	rs7282370	rs80236146	15152923	15185054
21	3098	3110	rs114870571	rs67792948	15186550	15200378
21	3111	3112	rs8131963	rs8131993	15200556	15200626
21	3113	3226	rs9976954	rs114326345	15201031	15223839
21	3227	3229	rs9636698	rs2878253	15223852	15224047
21	3230	3234	rs2150361	rs3119511	15226859	15228886
21	3235	3238	rs9653762	rs9984677	15229345	15229851
21	3240	3241	rs4818646	rs3115482	15230918	15231142
21	3243	3247	rs59543768	rs4818647	15231179	15231271
21	3248	3395	rs9982500	rs149561574	15231661	15254963
21	3399	3414	rs112876951	rs55752901	15256708	15259605
21	3416	3424	rs4046596	rs1970044	15259911	15260352
21	3426	3429	rs62209154	rs59522584	15260440	15260725
21	3430	3432	rs112638103	rs72490183	15260770	15260958
21	3435	3436	rs76089920	rs77419243	15261449	15261521
21	3438	3440	rs62210764	rs79519180	15261679	15261772
21	3443	3459	rs140561865	rs112180970	15263198	15267255
21	3460	3504	rs4818669	rs28834994	15267295	15272613
21	3507	3530	rs3115517	rs2822229	15272925	15278105
21	3531	3532	rs2822232	rs1808210	15278807	15279154
21	3542	3881	rs187050746	rs384202	15280482	15342572
21	3884	3885	rs142131373	rs11911060	15345149	15345152
21	3888	3889	rs34001762	rs36025601	15345311	15345317
21	3892	3893	rs114410867	rs145725077	15347091	15347096
21	3894	4024	rs78467061	rs141467296	15347604	15384562
21	4025	4035	rs1297101	rs2822362	15384631	15385898
21	4036	4038	rs13048111	rs117886898	15385969	15386049
21	4042	4043	rs1297106	rs11701277	15386807	15386826
21	4045	4046	rs183117026	rs548172553	15386876	15387047
21	4047	4052	rs3993079	rs9982058	15387105	15387577
21	4054	4315	rs2262020	rs111898629	15388129	15451950
21	4316	4318	rs2155967	rs9976349	15451958	15452496
21	4319	4321	rs2403725	rs35823367	15452587	15452853
21	4324	4897	rs12626431	rs448172	15452985	15586680
21	4902	4903	rs2058461	rs1006837	15589279	15589934
21	4906	5568	rs73152924	rs73346401	15590199	15694149
21	5572	5743	rs954617	rs73157759	15694956	15726155
21	5745	5836	rs4817140	rs2822655	15727339	15766654
21	5840	5887	rs34396263	rs2822660	15770576	15786271
21	5889	5943	rs2822661	rs2142235	15787738	15820563
21	5945	5978	rs2822665	rs9305343	15822407	15841092
21	5980	5983	rs73171335	rs2822675	15842224	15842296
21	5985	6009	rs1006899	rs80156388	15845052	15855466
21	6011	6013	rs2822693	rs62227162	15856974	15857097
21	6016	6030	rs3746826	rs2822703	15858559	15862701
21	6037	6047	rs368657	rs2274796	15866263	15870638
21	6049	6116	rs4817229	rs35778413	15873783	15898254
21	6117	6142	rs7277734	rs28647773	15898284	15902679
21	6145	6211	rs2822754	rs1882917	15906590	15930957
21	6213	6263	rs7282042	rs3930263	15932610	15949933
21	6266	6287	rs4817266	rs463397	15951414	15959473
21	6289	6314	rs410429	rs460852	15960091	15966421
21	6315	6363	rs461178	rs458711	15967973	16003921
21	6364	6506	rs457036	rs467000	16004402	16056121
21	6507	6508	rs457165	rs462841	16056850	16056989
21	6512	6521	rs988831	rs960479	16057936	16060592
21	6523	6775	rs467116	rs56283819	16062725	16121827
21	6777	6830	rs2822891	rs2822906	16122021	16134783
21	6832	6833	rs2244991	rs2403806	16136170	16136181
21	6834	6835	rs11702007	rs11702010	16137182	16137222
21	6836	6850	rs11088152	rs9980689	16137236	16139198
21	6851	6852	rs62219668	rs8129531	16139243	16139324
21	6857	6858	rs7280295	rs2822917	16140532	16140534
21	6859	6860	rs9984409	rs4490276	16140831	16140918
21	6862	7068	rs2822918	rs55722833	16141341	16214544
21	7072	7083	rs79694962	rs74934752	16216345	16224456
21	7086	7091	rs1883003	rs2822964	16225476	16229925
21	7092	7096	rs9647147	rs1988859	16230514	16233256
21	7097	7111	rs2253406	rs2822965	16234795	16241868
21	7113	7150	rs77753562	rs909389	16242104	16255960
21	7152	7211	rs74201856	rs2776036	16257288	16315838
21	7212	7256	rs2776037	rs2736089	16317933	16347460
21	7258	7297	rs1810403	rs2823000	16349907	16366389
21	7300	7301	rs9305525	rs9305526	16368647	16368653
21	7302	7394	rs1997577	rs9982976	16371102	16435223
21	7396	7397	rs13049809	rs2223043	16438779	16438793
21	7398	7436	rs8132765	rs2039239	16439646	16451439
21	7437	7438	rs975336	rs975337	16451845	16451854
21	7439	7441	rs996687	rs2142222	16452352	16453045
21	7442	7445	rs2823037	rs13046518	16453167	16454757
21	7447	7451	rs2142364	rs2823039	16455526	16456234
21	7452	7495	rs2823040	rs2823060	16457358	16481431
21	7496	7510	rs2823061	rs8126783	16481665	16487408
21	7513	7514	rs2026851	rs6517231	16488347	16488420
21	7515	7552	rs2823070	rs9983032	16488615	16515014
21	7553	7566	rs2823085	rs2823092	16515242	16519704
21	7567	7666	rs9984213	rs7275186	16520650	16560348
21	7669	7674	rs2823128	rs926167	16563309	16566523
21	7675	7682	rs2823131	rs2823135	16567728	16570484
21	7684	7703	rs2823136	rs2823142	16571951	16579952
21	7705	7706	rs56038390	rs2823144	16582710	16582933
21	7707	7769	rs2823145	rs13052858	16583092	16600859
21	7770	7771	rs375057	rs396032	16601475	16601839
21	7772	7833	rs410610	rs9305574	16602359	16641226
21	7834	7861	rs8128542	rs4605448	16644197	16659905
21	7863	7926	rs2823206	rs34459806	16661170	16689350
21	7927	7936	rs4817800	rs9984391	16689605	16694062
21	7937	7938	rs12482597	rs12482629	16695327	16695456
21	7940	8150	rs28478640	rs2823290	16696415	16841303
21	8152	8174	rs12627419	rs2823308	16843157	16867607
21	8177	8178	rs2741972	rs2776049	16869936	16870438
21	8179	8240	rs16985057	rs9979910	16871095	16893945
21	8241	8421	rs1033	rs7281601	16895284	16943758
21	8423	8426	rs11701557	rs13046179	16946241	16946652
21	8427	8564	rs58861041	rs2242859	16946881	17011441
21	8567	8972	rs9977149	rs409901	17014200	17305510
21	8974	8975	rs9983647	rs989175	17309423	17309623
21	8978	9045	rs1297328	rs425252	17311444	17342410
21	9048	9255	rs34057545	rs2823585	17345389	17425438
21	9256	9280	rs2823586	rs2823596	17426013	17443017
21	9282	9337	rs2823597	rs7277113	17447372	17519796
21	9340	9406	rs4818253	rs188901338	17522844	17559679
21	9408	9414	rs2823630	rs2823634	17560799	17564710
21	9415	9418	rs2823635	rs2823636	17565645	17570649
21	9419	9574	rs6517693	rs13048738	17572240	17651306
21	9575	9577	rs239048	rs12482977	17654125	17655042
21	9578	9612	rs28483187	rs239083	17657556	17669569
21	9614	9623	rs1449516	rs114756543	17670775	17676254
21	9624	9627	rs7278719	rs239067	17685246	17691547
21	9630	9632	rs963519	rs239070	17693665	17693951
21	9633	9640	rs239018	rs77856616	17699026	17721234
21	9642	9645	rs376000106	rs238945	17725600	17725745
21	9646	9658	rs240496	rs9974512	17727022	17737363
21	9661	9702	rs1786014	rs9979218	17743233	17750912
21	9704	9782	rs240462	rs35567924	17752828	17773243
21	9784	9785	rs430570	rs427377	17774438	17774439
21	9788	9789	rs1074741	rs240490	17774836	17774908
21	9792	9964	rs240492	rs73195925	17775303	17827995
21	9972	10007	rs78902309	rs2823895	17879984	17953516
21	10011	10013	rs75732738	rs189358102	17980779	17989026
21	10014	10039	rs1987394	rs2823918	17994099	18002073
21	10044	10202	rs79218154	rs8134596	18002534	18049519
21	10204	10206	rs7275493	rs7279289;rs557619502	18049996	18050165
21	10207	10208	rs2823969	rs2823971	18050284	18050343
21	10210	10211	rs11701434	rs34558736	18051260	18052483
21	10214	10282	rs2823973	rs2824005	18055803	18095063
21	10284	10527	rs35526923	rs2178914	18097281	18221003
21	10528	10660	rs979045	rs2824117	18221925	18284079
21	10661	10662	rs9974709	rs2824118	18284420	18284531
21	10664	10752	rs2824120	rs7282020	18285200	18304035
21	10754	10756	rs2824147	rs2824148	18304343	18306250
21	10758	10759	rs9637018	rs13047297	18307086	18307302
21	10760	10762	rs2824149	rs11701807	18307704	18308154
21	10763	10783	rs13051332	rs67529888	18308535	18319955
21	10784	10889	rs9979510	rs7275813	18320324	18353699
21	10890	10940	rs73193478	rs1740260	18356323	18372769
21	10942	11045	rs8129957	rs4818312	18373340	18414557
21	11046	11191	rs8130812	rs113093158	18414775	18460097
21	11194	11500	rs73200834	rs74484264	18461180	18557355
21	11502	11690	rs9978594	rs75726585	18558602	18619287
21	11692	11693	rs202880	rs175873	18620752	18621037
21	11694	11723	rs113059682	rs973989	18621568	18636161
21	11725	12013	rs2824271	rs206998	18638247	18733317
21	12014	12107	rs206999	rs2824286	18733811	18766325
21	12108	12113	rs17692646	rs17754415	18766540	18768996
21	12114	12115	rs208874	rs208875	18769750	18769871
21	12116	12211	rs77559520	rs7364035	18770416	18802144
21	12213	12214	rs733951	rs73660	18802848	18802992
21	12215	12261	rs4816756	rs2824306	18803231	18820248
21	12262	12266	rs1974160	rs6517774	18821964	18822273
21	12268	12274	rs112650045	rs2824312	18823024	18824403
21	12275	12276	rs13048015	rs13051669	18824783	18824785
21	12279	12280	rs2824313	rs2824314	18825200	18825247
21	12281	12285	rs2824315	rs1573436	18825927	18827750
21	12286	12287	rs2824317	rs2824318	18830252	18830470
21	12288	12310	rs1888406	rs11702298	18830622	18836546
21	12311	12315	rs2824324	rs2824325	18836954	18838483
21	12316	12325	rs12626798	rs74641413	18838900	18842737
21	12326	12330	rs62242707	rs928247	18843067	18844860
21	12331	12419	rs7281139	rs1691329	18847756	18877963
21	12421	12442	rs73199446	rs2849893	18878932	18893693
21	12443	12457	rs11911177	rs79911050	18894451	18903073
21	12459	12600	rs34922462	rs211960	18903756	18950491
21	12601	12602	rs2737882	rs211961	18951008	18951018
21	12604	12618	rs211962	rs2824376	18951922	18958316
21	12620	12677	rs12329923	rs2824407	18958681	19009100
21	12678	12728	rs34352860	rs4818365	19010753	19034911
21	12730	12731	rs11910541	rs11702528	19036703	19038087
21	12734	12735	rs743378	rs2824430	19039793	19040005
21	12736	12740	rs2824431	rs7278715	19040421	19042323
21	12741	12944	rs4818366	rs2824462	19043944	19102385
21	12945	12977	rs2032289	rs243578	19105345	19131877
21	12979	12980	rs11701256	rs11701775	19132932	19133254
21	12981	12990	rs78958927	rs78010665	19134195	19137444
21	12993	13012	rs149974548	rs2824485	19138578	19149273
21	13013	13018	rs243582	rs243585	19149313	19151940
21	13019	13088	rs243586	rs59741394	19153541	19194700
21	13091	13215	rs243558	rs17768396	19196132	19253526
21	13216	13219	rs243612	rs11088658	19254702	19254952
21	13220	13313	rs2824532	rs34744569	19255670	19317548
21	13314	13315	rs2824574	rs9636659	19317701	19317951
21	13316	13329	rs423725	rs12626848	19319579	19324773
21	13331	13344	rs197587	rs197546	19326183	19331939
21	13345	13346	rs2824577	rs174742	19332129	19332324
21	13348	13349	rs197564	rs200799	19332843	19332852
21	13350	13351	rs200800	rs200801	19333097	19333646
21	13352	13529	rs200802	rs284829	19334090	19398382
21	13530	13564	rs285923	rs1394739	19399271	19413137
21	13568	13727	rs158041	rs982274	19415652	19479731
21	13730	13772	rs4818402	rs205666	19481155	19493217
21	13773	13817	rs6517796	rs73200975	19493598	19505284
21	13819	13824	rs2824645	rs7279375	19506579	19507413
21	13825	13897	rs2824648	rs34805703	19507500	19530925
21	13899	13900	rs2824666	rs11702737	19531612	19531882
21	13902	13904	rs9983949	rs78241507	19532546	19533384
21	13905	13954	rs2824667	rs8127764	19533862	19550782
21	13955	13956	rs2824684	rs9975746	19551284	19551337
21	13957	13980	rs2824685	rs2824694	19551628	19558861
21	13982	14002	rs9984966	rs73893022	19560078	19565230
21	14006	14009	rs4635606	rs2150383	19567725	19568651
21	14010	14085	rs61572693	rs9984040	19569149	19602578
21	14086	14089	rs73204828	rs11909015	19603355	19603595
21	14090	14215	rs28667141	rs113704126	19604547	19652836
21	14216	14217	rs1023126	rs1023127	19654798	19655051
21	14218	14227	rs13052044	rs9980111	19655756	19658241
21	14229	14230	rs1155077	rs7279594	19658718	19659074
21	14233	14316	rs7283398	rs2824726	19659944	19676805
21	14317	14326	rs11909148	rs1573442	19677497	19678760
21	14328	14350	rs7277309	rs73212037	19679960	19683216
21	14353	14357	rs28637313	rs1999289	19684076	19685992
21	14362	14441	rs199839618	rs4452233	19687759	19713055
21	14443	14455	rs2824751	rs13050218	19713821	19717989
21	14457	14463	rs2824754	rs28368710	19718648	19720154
21	14464	14484	rs13047058	rs13052606	19720178	19722546
21	14487	14488	rs9305864	rs9978650	19723008	19723055
21	14492	14500	rs8130490	rs7277098	19727553	19730899
21	14501	14554	rs17781453	rs2824796	19731404	19761796
21	14556	14557	rs4482570	rs750084	19762408	19762834
21	14559	14591	rs68017657	rs2210231	19764449	19781891
21	14593	14594	rs2824811	rs8130195	19783744	19783892
21	14595	14600	rs73196483	rs12482141	19784054	19786811
21	14601	14710	rs8127683	rs4816774	19786965	19820087
21	14713	14755	rs2824838	rs1735745	19824426	19858290
21	14756	14757	rs74950594	rs73198367	19859963	19860810
21	14758	14894	rs1735753	rs2824904	19861507	19902954
21	14895	14945	rs2824905	rs1740197	19903166	19925224
21	14946	14965	rs11088681	rs2406338	19925907	19929628
21	14966	14967	rs2205485	rs2205486	19930102	19930109
21	14970	15214	rs2205488	rs6517826	19930994	20058598
21	15217	15441	rs1041409	rs79245726	20059626	20104348
21	15443	15507	rs2226761	rs13050373	20104618	20121750
21	15508	15509	rs13050978	rs2825069	20121887	20122453
21	15518	15562	rs2825070	rs13050557	20124444	20128739
21	15563	15567	rs59149575	rs8133372	20128747	20129136
21	15568	15574	rs9982758	rs11701690	20129305	20130053
21	15575	15576	rs11702521	rs11700558	20130466	20130488
21	15577	15584	rs11911409	rs34779495	20130763	20132104
21	15586	15629	rs7281503	rs6517835	20135291	20144727
21	15630	15790	rs2825095	rs2825174	20144780	20198061
21	15791	15799	rs2825175	rs1159085	20199390	20200137
21	15800	15804	rs2187278	rs17177331	20200269	20200836
21	15806	16159	rs2032293	rs389423	20201482	20269515
21	16160	16172	rs9305888	rs371802	20270249	20279767
21	16173	16356	rs449045	rs11088711	20280260	20338944
21	16357	16358	rs462395	rs461459	20339501	20339626
21	16359	16436	rs466914	rs13047206	20339914	20360139
21	16437	16575	rs4557066	rs2825289	20360731	20401571
21	16577	16598	rs62216866	rs2091995	20402128	20407583
21	16600	16601	rs2825303	rs9978965	20407698	20407792
21	16607	16620	rs9976763	rs762005	20408978	20410294
21	16623	17487	rs11088715	rs9284490	20413190	20701517
21	17489	17492	rs13049852	rs60812292	20701702	20702474
21	17495	17496	rs8130172	rs856170	20703610	20703624
21	17498	17536	rs8130330	rs2825531	20703722	20722633
21	17539	17721	rs856164	rs2407125	20724483	20827282
21	17722	17725	rs1489720	rs2825590	20827370	20828514
21	17727	17734	rs7278803	rs1807978	20829899	20832809
21	17736	17857	rs9974247	rs1489736	20833940	20881904
21	17858	17934	rs8128156	rs12626734	20882709	20910280
21	17935	17937	rs128365	rs646510	20912022	20913684
21	17939	17967	rs11700582	rs2020381	20916592	20922560
21	17968	18034	rs369098	rs2825649	20922704	20938669
21	18036	18059	rs9974175	rs2186378	20940575	20946119
21	18060	18075	rs2825660	rs9980430	20952171	20960354
21	18076	18077	rs73318470	rs9984336	20960463	20960969
21	18078	18080	rs9984032	rs9305917	20961202	20961463
21	18082	18083	rs2825665	rs2825666	20961807	20961972
21	18084	18244	rs12329715	rs2825709	20962397	21020959
21	18245	18247	rs62210649	rs2825710	21021968	21022840
21	18248	18249	rs2825712	rs67323813	21023654	21023774
21	18253	18281	rs35263974	rs10854436	21024816	21037944
21	18282	18336	rs2211906	rs9983320	21039328	21056190
21	18337	18340	rs35482899	rs7280313	21056234	21056416
21	18341	18344	rs7281184	rs7281319	21056959	21057031
21	18347	18799	rs11088751	rs62224374	21057717	21207935
21	18801	18931	rs9980782	rs8128975	21212232	21272447
21	18932	18933	rs62222013	rs2298512	21272630	21272834
21	18935	18936	rs2298513	rs2298514	21272911	21272915
21	18937	19067	rs117145211	rs2825919	21273490	21313501
21	19068	19069	rs62222037	rs62222038	21313910	21313911
21	19072	19205	rs400662	rs75208681	21314254	21387497
21	19206	19270	rs56849203	rs1475882	21387930	21426335
21	19271	19272	rs2825975	rs2825976	21426525	21426535
21	19273	19274	rs2825977	rs4358213	21426885	21426893
21	19275	19648	rs12106459	rs62221275	21428478	21625899
21	19649	19672	rs13050033	rs1977938	21627030	21641735
21	19674	19675	rs2826119	rs2826120	21643854	21643859
21	19676	19931	rs2826121	rs965902	21644193	21720145
21	19934	19976	rs1487938	rs13046101	21723458	21737921
21	19977	20024	rs9980249	rs2223143	21738428	21748211
21	20025	20026	rs11702868	rs11700900	21748658	21748701
21	20027	20054	rs60989027	rs2826221	21750327	21761586
21	20055	20057	rs6517945	rs2142423	21762162	21762521
21	20059	20084	rs2826224	rs13049466	21763126	21774440
21	20085	20095	rs2051271	rs12482121	21775361	21778576
21	20096	20132	rs12483617	rs2212675	21779005	21796835
21	20134	20135	rs2859942	rs2826246	21797536	21797565
21	20137	20138	rs7275794	rs7279335	21799739	21799765
21	20139	20154	rs2826250	rs8132940	21800298	21805202
21	20157	20248	rs1786355	rs1735889	21806127	21815683
21	20255	20256	rs1735886	rs2826255	21816786	21816809
21	20257	20259	rs2826256	rs2826258	21816926	21817381
21	20260	20744	rs1786354	rs6517969	21817409	21879464
21	20747	20752	rs13048203	rs12626356	21879736	21879938
21	20753	20756	rs8126597	rs6517971	21880086	21880231
21	20757	20763	rs4629249	rs73222763	21880589	21882041
21	20764	20768	rs7277821	rs6517972	21882955	21884042
21	20769	20812	rs34100699	rs2826351	21884163	21901308
21	20814	20830	rs2826353	rs77267706	21902563	21905658
21	20831	20836	rs9983246	rs7510396	21906680	21907210
21	20837	20913	rs7510412	rs73225055	21907247	21921359
21	20914	20921	rs2826382	rs74983346	21921412	21923367
21	20922	20984	rs8129945	rs9976622	21924571	21954062
21	20985	21062	rs10470221	rs229406	21955472	21992124
21	21064	21303	rs229440	rs62205036	22008568	22067779
21	21304	21316	rs12482906	rs114369789	22067808	22072161
21	21318	21319	rs8127915	rs8129001	22073572	22073607
21	21320	21321	rs8129266	rs74961085	22073757	22073764
21	21323	21325	rs60210880	rs59217282	22074318	22074639
21	21326	21328	rs11910513	rs229367	22075169	22076519
21	21333	21335	rs9984696	rs76435929	22079183	22079341
21	21336	21339	rs61569053	rs13433446	22079523	22080284
21	21340	21687	rs13049084	rs2826523	22080292	22178945
21	21689	21690	rs2826524	rs11910376	22181799	22181904
21	21691	21694	rs2826525	rs2826526	22182094	22184343
21	21696	21740	rs2826527	rs2826546	22186040	22197073
21	21747	21851	rs2826548	rs7510312	22201791	22257478
21	21853	21905	rs9983576	rs8134574	22258418	22280928
21	21906	21907	rs2826603	rs2826604	22281047	22281143
21	21910	21911	rs34296361	rs13051683	22282793	22282905
21	21912	21974	rs11702628	rs2826613	22283424	22313619
21	21977	22146	rs13052854	rs73228125	22315343	22366388
21	22147	22148	rs34058918	rs35404160	22367883	22368184
21	22151	22152	rs7510552	rs7510019	22371589	22371932
21	22154	22492	rs8184921	rs2247835	22372723	22481250
21	22494	22497	rs2826655	rs2826656	22482247	22482428
21	22499	22503	rs77057989	rs17003810	22482592	22483779
21	22504	22526	rs2251296	rs9980415	22486574	22495636
21	22527	22532	rs1999293	rs9975924	22497250	22498773
21	22535	22537	rs115090797	rs2826665	22500564	22501231
21	22540	22620	rs2826667	rs12152109	22502404	22522589
21	22624	22723	rs2826713	rs7281836	22529691	22635097
21	22725	23201	rs7278909	rs2826841	22635630	22812351
21	23202	23205	rs232410	rs232413	22813004	22813520
21	23206	23261	rs73214492	rs56126034	22813817	22832441
21	23262	23328	rs2826849	rs233751	22832763	22852544
21	23329	23350	rs233755	rs115566001	22854153	22864374
21	23351	23394	rs12483671	rs233779	22864581	22879687
21	23396	23404	rs9981968	rs115462216	22880651	22882926
21	23406	23413	rs233783	rs233788	22883278	22884233
21	23414	23417	rs9979578	rs11910606	22884292	22885097
21	23418	23443	rs34703575	rs233800	22885662	22896253
21	23444	23445	rs233801	rs13049184	22896335	22896615
21	23446	23517	rs7277436	rs60487428	22897405	22920447
21	23520	23613	rs12483693	rs73330741	22921168	22940701
21	23614	23881	rs7277305	rs4816853	22941307	23028268
21	23882	23898	rs2826936	rs9306022	23029350	23039758
21	23899	24067	rs62216177	rs1735954	23039936	23108793
21	24070	24071	rs1735956	rs9306023	23109591	23109608
21	24073	24091	rs1735959	rs2826981	23110022	23116959
21	24092	24100	rs1735966	rs2776116	23117706	23119394
21	24101	24660	rs149062818	rs143308657	23119574	23268144
21	24661	24664	rs75556696	rs80307337	23268216	23271104
21	24666	24667	rs9974920	rs7283644	23271671	23271733
21	24670	24690	rs7283173	rs142062442	23272525	23276046
21	24692	24803	rs76121513	rs34483060	23276961	23315616
21	24805	24816	rs2827146	rs2827147	23317350	23321380
21	24817	24819	rs12053745	rs2827148	23321516	23321572
21	24820	24821	rs2827149	rs8128017	23321646	23321717
21	24827	24942	rs74492771	rs13050854	23324781	23362256
21	24943	24946	rs13046860	rs34775206	23362412	23362610
21	24948	24976	rs9974919	rs1573448	23363841	23390901
21	24979	25013	rs2827214	rs973878	23397121	23449501
21	25015	25017	rs62210081	rs2032301	23450692	23452882
21	25018	25075	rs2827234	rs68045189	23453333	23504854
21	25077	25170	rs9975819	rs2827271	23505563	23557448
21	25171	25216	rs73222174	rs2827285	23558497	23583805
21	25217	25273	rs2827286	rs117702695	23584668	23613222
21	25274	25319	rs2827294	rs62210127	23613248	23631005
21	25322	25338	rs2827313	rs2827315	23633248	23637512
21	25339	25340	rs7278342	rs12483190	23638501	23638602
21	25341	25378	rs75190562	rs2244010	23639865	23650356
21	25381	25976	rs35803203	rs2036368	23652042	23829272
21	25977	25986	rs9976098	rs1827309	23829569	23832022
21	25987	26009	rs76933709	rs7278532	23832720	23845452
21	26012	26013	rs73223911	rs2827537	23845968	23846200
21	26016	26063	rs200464474	rs13049354	23846947	23879674
21	26064	26148	rs6518157	rs112242033	23880068	23923813
21	26150	26151	rs2827564	rs12626372	23925128	23925131
21	26153	26352	rs9979057	rs9979881	23925430	23984543
21	26354	26397	rs9977882	rs1849583	23986788	24006766
21	26398	26477	rs1849582	rs2090026	24007772	24054705
21	26480	26642	rs2827678	rs1513737	24057331	24166144
21	26643	26644	rs8127947	rs8133157	24166774	24166816
21	26645	26648	rs1513738	rs1849585	24166844	24168238
21	26649	26836	rs28891169	rs76493669	24168682	24242441
21	26837	26848	rs1349093	rs138976568	24248766	24255438
21	26849	26860	rs244131	rs244136	24256130	24260878
21	26861	26875	rs77090884	rs244139	24261926	24271567
21	26876	26877	rs200273070	rs149459017	24271794	24271804
21	26878	26892	rs244140	rs13052048	24271810	24274254
21	26893	27294	rs62209430	rs62209963	24274393	24436556
21	27295	27298	rs9974045	rs13047424	24436562	24437065
21	27299	27301	rs374008	rs6516551	24437581	24438037
21	27303	27453	rs406312	rs198084	24438351	24488182
21	27456	27459	rs174823	rs7280825	24489048	24491243
21	27461	27899	rs12482691	rs13051347	24492698	24629293
21	27901	27910	rs8131914	rs117726494	24630882	24633798
21	27911	27977	rs727826	rs7280410	24634507	24664034
21	27978	28109	rs76550085	rs2828062	24664223	24695869
21	28114	28225	rs2828067	rs200685	24696921	24737620
21	28226	28237	rs2828089	rs4816902	24738354	24741057
21	28239	28293	rs58946522	rs60488573	24741338	24761322
21	28294	28296	rs915618	rs915617	24762612	24762671
21	28297	28497	rs57546904	rs200705	24763160	24809444
21	28498	28508	rs73241549	rs1614782	24809574	24810710
21	28511	28526	rs2828150	rs2226423	24810782	24813976
21	28528	28529	rs2828159	rs7277453	24814937	24814968
21	28530	28532	rs200670	rs1699980	24816883	24817718
21	28533	28535	rs58146695	rs58656388	24818084	24818732
21	28536	28542	rs2828161	rs1995519	24819253	24821765
21	28543	28979	rs1699975	rs7283400	24821844	24937141
21	28981	28982	rs34751023	rs36065282	24937331	24937367
21	28983	29033	rs11087878	rs1355949	24937681	24952233
21	29034	29040	rs2828293	rs11701015	24952552	24954560
21	29041	29042	rs12482800	rs11702380	24955579	24956317
21	29043	29044	rs62219053	rs2828300	24957356	24959283
21	29045	29373	rs79196738	rs72631998	24959709	25052758
21	29374	29375	rs62220361	rs73232610	25053233	25053387
21	29376	29432	rs2828422	rs76961115	25053918	25090174
21	29437	29493	rs2828455	rs62220401	25092482	25106836
21	29494	29763	rs28437590	rs207511	25107211	25179250
21	29764	29768	rs146514441	rs74459088	25179298	25180065
21	29769	29950	rs207518	rs2828577	25180795	25245783
21	29951	30036	rs9980644	rs2828636	25247908	25307858
21	30037	30083	rs2408822	rs9984013	25310357	25326776
21	30084	30089	rs4816921	rs73339769	25328443	25331700
21	30090	30091	rs2828654	rs2828655	25333034	25333108
21	30092	30093	rs75928035	rs75165432	25333458	25333463
21	30096	30108	rs75158334	rs13050039	25334207	25337017
21	30110	30194	rs4816924	rs2828687	25338333	25372815
21	30196	30197	rs2828688	rs9979665	25374724	25374845
21	30199	30225	rs112275594	rs79462419	25375661	25382796
21	30226	30232	rs7275309	rs2828699	25382938	25383832
21	30233	30969	rs9980309	rs1783372	25383989	25505164
21	30973	30978	rs1699627	rs2408838	25506453	25507168
21	30979	31201	rs1539772	rs2134874	25508066	25585640
21	31204	31206	rs1699654	rs1699653	25587093	25587371
21	31207	31694	rs1783315	rs2008807	25587445	25807069
21	31696	31697	rs4816958	rs2829079	25808101	25808194
21	31698	32054	rs76464759	rs2829155	25808751	25901003
21	32058	32175	rs1015631	rs73143642	25902623	25939412
21	32177	32234	rs8127528	rs2829182	25940779	25961749
21	32235	32238	rs2829183	rs2829186	25961904	25962522
21	32242	32385	rs2829188	rs2408982	25964614	26017929
21	32386	32412	rs12482019	rs2829232	26018073	26026296
21	32414	32483	rs2015560	rs8126788	26028890	26058934
21	32484	32493	rs2829258	rs4816236	26059118	26064350
21	32494	32558	rs2829263	rs2829290	26065458	26087742
21	32562	32563	rs2829293	rs2829294	26091090	26091601
21	32564	32568	rs73147415	rs2829296	26092323	26094076
21	32569	32910	rs2829297	rs2829429	26094459	26204697
21	32915	33342	rs76554345	rs28498360	26206434	26467858
21	33345	33386	rs4817001	rs2829553	26474599	26507367
21	33387	33388	rs1475847	rs1475846	26509668	26509728
21	33389	33392	rs928263	rs2829557	26511678	26512916
21	33395	33397	rs2026220	rs74549070	26514649	26515093
21	33398	33420	rs56021210	rs2829571	26516479	26525402
21	33421	33890	rs2829572	rs12152052	26525655	26767447
21	33892	33952	rs28417850	rs7283105	26768129	26822847
21	33953	33954	rs4817017	rs4637211	26823608	26824158
21	33957	34054	rs9983002	rs61482177	26824329	26885996
21	34056	34383	rs2154470	rs9981246	26887427	27043972
21	34384	34385	rs57503516	rs80018083	27043998	27044467
21	34386	34388	rs2829856	rs8128619	27045967	27046719
21	34391	34392	rs11911213	rs34508665	27047447	27047556
21	34393	34406	rs28507219	rs73161744	27047662	27053184
21	34408	34446	rs145543509	rs9975787	27053852	27068323
21	34448	34449	rs7278147	rs8129655	27069318	27071407
21	34450	34465	rs9974613	rs9981004	27071840	27079054
21	34466	34470	rs2829873	rs7280934	27079386	27080731
21	34471	34546	rs2829875	rs8127204	27084997	27151988
21	34547	34607	rs78625189	rs2409151	27152079	27176733
21	34609	34610	rs28542132	rs200146490	27177936	27177962
21	34612	34902	rs2829914	rs2829975	27178550	27268537
21	34904	34976	rs2829977	rs13046930	27272994	27330859
21	34977	35066	rs2234984	rs3787636	27333349	27371334
21	35067	35129	rs45538740	rs9982732	27373087	27426823
21	35130	35199	rs9983556	rs11702267	27426961	27468740
21	35201	35479	rs2830053	rs467778	27471711	27606575
21	35482	35662	rs2830135	rs1788291	27609657	27672542
21	35664	35863	rs34420589	rs4629242	27673968	27745703
21	35864	35866	rs35251922	rs62216374	27746472	27746682
21	35867	35870	rs9305288	rs219711	27747151	27749030
21	35872	35873	rs219712	rs219714	27751176	27751466
21	35874	35922	rs219715	rs183407	27752806	27777181
21	35923	35924	rs2830201	rs2830202	27777822	27777846
21	35927	35973	rs113486061	rs2830213	27779544	27795018
21	35977	36012	rs2830215	rs150761	27796105	27810723
21	36015	36073	rs113947904	rs9977164	27812234	27841289
21	36074	36077	rs219644	rs219646	27841638	27844833
21	36082	36083	rs71317469	rs71317470	27846035	27846053
21	36085	36168	rs2830244	rs8128832	27847264	27877772
21	36170	36171	rs2830266	rs222972	27878500	27878577
21	36175	36233	rs222975	rs56270247	27879388	27916378
21	36235	36630	rs59286515	rs366384	27917644	28024225
21	36632	36969	rs465318	rs7280762	28025273	28094746
21	36973	36985	rs2830441	rs8127600	28095992	28104533
21	36989	37111	rs2212811	rs2830487	28106428	28146189
21	37112	37156	rs12482499	rs2830519	28146309	28162719
21	37157	37161	rs2830520	rs4816294	28162797	28163720
21	37162	37316	rs112454228	rs9636786	28163774	28209494
21	37318	37341	rs229042	rs390955	28210657	28218457
21	37342	37786	rs1663501	rs2830603	28219307	28364254
21	37790	37794	rs2409196	rs8130277	28366517	28367290
21	37795	37800	rs2830604	rs2830608	28367449	28369094
21	37802	37843	rs2830609	rs73361905	28369660	28382798
21	37844	37845	rs78425267	rs2830617	28383113	28383183
21	37846	37851	rs2830618	rs35188003	28383324	28384411
21	37852	37854	rs9983987	rs977152	28384529	28385362
21	37855	37857	rs2830622	rs2830623	28386662	28388124
21	37868	37870	rs2830631	rs2830633	28391743	28391952
21	37871	38147	rs9979318	rs12627270	28392015	28458125
21	38148	38154	rs9981911	rs2830672	28459316	28460577
21	38155	38430	rs2830673	rs74978425	28460597	28537333
21	38432	38529	rs16979872	rs9636577	28537523	28563631
21	38531	38532	rs2830759	rs2830760	28564275	28564326
21	38534	38624	rs56974434	rs9976159	28564932	28582897
21	38625	38650	rs8129084	rs235936	28583952	28616525
21	38653	38698	rs13049191	rs2830819	28622043	28631156
21	38699	38700	rs2830820	rs2830821	28631418	28631790
21	38702	38757	rs235925	rs2830833	28632360	28659225
21	38759	38768	rs452621	rs239615	28659396	28661482
21	38769	38824	rs9975205	rs1597776	28661485	28684303
21	38825	38827	rs28835992	rs4358206	28684304	28684853
21	38828	38903	rs74887130	rs187680414	28684912	28711455
21	38905	38907	rs2830853	rs2830854	28712109	28712418
21	38910	38912	rs459204	rs2830856	28712740	28712814
21	38914	39381	rs9978024	rs2830961	28713216	28842878
21	39383	39386	rs242302	rs13050776	28843274	28843598
21	39387	39521	rs13047819	rs4817181	28844493	28927839
21	39522	39525	rs9979162	rs4353724	28929124	28929557
21	39526	39527	rs1379660	rs1379661	28929855	28929958
21	39528	39675	rs460248	rs13052801	28930833	28987052
21	39677	39681	rs8134037	rs147110194	28987712	28988622
21	39684	40044	rs13049289	rs28438999	28989200	29124321
21	40048	40063	rs2831147	rs190273	29126277	29132738
21	40065	40426	rs2831152	rs9975542	29135918	29285000
21	40427	40429	rs9978508	rs9977912	29285293	29285383
21	40431	40432	rs6516794	rs9978737	29285838	29286054
21	40433	40435	rs55658622	rs9981206	29286253	29286351
21	40438	40439	rs4816312	rs9974342	29289760	29289867
21	40440	40441	rs56044726	rs112289048	29290304	29290332
21	40443	40908	rs7279352	rs2831397	29291339	29421851
21	40911	40993	rs139464356	rs2007503	29422445	29447121
21	40996	41020	rs2831463	rs2831482	29448732	29464782
21	41021	41022	rs149356352	rs138861273	29466065	29468682
21	41025	41280	rs7284017	rs2831536	29468904	29515884
21	41283	41299	rs2831538	rs2831547	29517346	29525767
21	41300	41302	rs2206881	rs2831549	29526062	29527720
21	41303	41662	rs2831550	rs2094867	29528093	29649255
21	41663	41664	rs75476899	rs74510655	29650376	29650532
21	41667	42051	rs6516833	rs2831804	29651882	29802840
21	42054	42055	rs2250911	rs2250997	29803555	29803601
21	42060	42439	rs12482234	rs2831907	29804720	29954875
21	42441	42539	rs2831909	rs9980892	29955973	29990920
21	42541	44314	rs1153257	rs111488068	29992004	30784710
21	44316	44318	rs73195634	rs9978317	30789920	30794440
21	44320	44369	rs11088119	rs2832339	30796906	30843684
21	44373	44476	rs4816344	rs2248989	30847259	30943987
21	44480	44486	rs9985106	rs363433	30957912	30961131
21	44487	44939	rs2229899	rs464028	30961186	31196616
21	44942	44992	rs2832447	rs1981328	31197963	31210169
21	44994	45335	rs80002580	rs2832515	31212017	31367915
21	45337	45340	rs2832516	rs8127522	31370611	31375263
21	45341	45719	rs35767297	rs554124	31375582	31487612
21	45721	45722	rs557668	rs559599	31488005	31488234
21	45723	45767	rs76612092	rs11911333	31492033	31519487
21	45768	45806	rs648401	rs478203	31519567	31547989
21	45809	45853	rs7282132	rs12481895	31551790	31578367
21	45854	45860	rs73200051	rs686364	31582433	31587793
21	45861	46391	rs2832657	rs2186556	31588676	31753219
21	46394	46395	rs4816361	rs4816362	31753840	31753853
21	46397	47301	rs9636830	rs2833086	31754244	32159220
21	47302	47328	rs7277479	rs2833098	32162017	32183996
21	47329	47383	rs2833099	rs34698973	32184049	32197768
21	47384	47410	rs2409390	rs2833119	32197772	32204347
21	47412	47423	rs5843472	rs2833126	32207832	32215707
21	47424	47425	rs7275199	rs7283316	32216231	32216253
21	47426	47537	rs4817359	rs62223110	32217530	32256699
21	47538	47541	rs2833144	rs2833146	32256700	32258563
21	47542	47584	rs2833147	rs2409396	32259814	32287614
21	47586	47588	rs7510336	rs8133263	32287837	32287972
21	47591	47592	rs2833159	rs2833160	32289174	32289793
21	47593	47604	rs2833161	rs9976618	32290396	32303565
21	47606	47854	rs2211809	rs2833244	32304691	32431031
21	47855	47909	rs11909863	rs9976916	32431541	32450350
21	47912	47924	rs10854341	rs9305447	32453856	32456658
21	47925	47939	rs13050227	rs9983721	32457317	32461236
21	47941	47999	rs9983983	rs56665548	32461455	32488016
21	48000	48015	rs113148638	rs2073373	32488969	32497632
21	48017	48099	rs724561	rs8131976	32497749	32523782
21	48101	48102	rs13048901	rs13049011	32524444	32524500
21	48104	48105	rs723470	rs723469	32525302	32525345
21	48107	48108	rs8133904	rs9977559	32526124	32526206
21	48110	48115	rs78007898	rs2833309	32526758	32527137
21	48117	48118	rs2248656	rs2284474	32528960	32540863
21	48121	48123	rs2284475	rs2268221	32543301	32545194
21	48124	48127	rs2833325	rs2833327	32548582	32552652
21	48128	48130	rs73191663	rs67500730	32553849	32554394
21	48131	48281	rs7276158	rs2268225	32556447	32666803
21	48283	48289	rs11701393	rs1977904	32667529	32667896
21	48294	48469	rs2300351	rs7282641	32669881	32741949
21	48471	48537	rs490777	rs2833394	32744501	32765966
21	48539	48580	rs80335883	rs522777	32771402	32799985
21	48582	48585	rs2833406	rs74910411	32803398	32810132
21	48593	48628	rs475142	rs482400	32811608	32821846
21	48631	48632	rs933142	rs9975392	32822716	32822953
21	48634	48774	rs516309	rs9974536	32823222	32862772
21	48776	48778	rs4816398	rs2268236	32863530	32863656
21	48779	49128	rs74584527	rs13051511	32863762	32973437
21	49130	49133	rs73199560	rs73199563	32974097	32974494
21	49135	49199	rs1041739	rs73199584	32975556	32995716
21	49200	49444	rs62222941	rs66751520	32996032	33132402
21	49447	49449	rs204739	rs204741	33134182	33134922
21	49450	49474	rs204742	rs6517052	33136524	33142582
21	49476	49733	rs62221565	rs2154697	33143110	33230596
21	49734	49736	rs9980269	rs8134116	33231144	33231634
21	49739	49740	rs77790727	rs12481924	33233084	33233087
21	49741	49808	rs2105520	rs55889745	33233377	33248286
21	49810	49865	rs2833546	rs11700517	33248704	33273542
21	49867	49989	rs145467141	rs2833572	33274698	33322944
21	49990	49995	rs2833573	rs962267	33323809	33325997
21	49996	50003	rs2833577	rs7276298	33326781	33329322
21	50005	50013	rs112982249	rs9984771	33330767	33332633
21	50017	50088	rs8130926	rs13050579	33333331	33355558
21	50092	50095	rs11700534	rs79969234	33356269	33356793
21	50096	50176	rs762214	rs2833608	33357488	33381092
21	50179	50296	rs9983992	rs2226336	33381664	33419820
21	50297	50299	rs11701988	rs55763891	33419865	33420629
21	50300	50301	rs2833622	rs2833623	33420670	33420792
21	50302	50357	rs11909628	rs2833635	33421860	33434580
21	50358	50359	rs9978752	rs8128329	33435232	33435472
21	50361	50443	rs4817449	rs28563136	33437431	33466705
21	50444	50450	rs2244512	rs2000452	33466899	33468352
21	50452	50475	rs12626496	rs75763074	33470978	33480815
21	50477	50479	rs75701466	rs78976854	33482065	33482131
21	50481	50562	rs7280488	rs62214233	33483389	33528562
21	50563	50583	rs17560508	rs11700761	33529709	33537853
21	50587	51075	rs77798427	rs116136168	33538550	33773783
21	51077	51337	rs62216184	rs2833855	33775039	33875359
21	51338	51339	rs7275591	rs7278523	33876502	33876659
21	51341	51563	rs7279989	rs7281019	33877556	33958347
21	51564	51576	rs2833919	rs28397651	33958438	33962568
21	51578	51641	rs7284048	rs844980	33964537	33991368
21	51642	51643	rs861501	rs844981	33992661	33992700
21	51645	51646	rs845008	rs845009	33994734	33995034
21	51648	51830	rs845011	rs9974745	33996278	34155182
21	51833	51887	rs12627142	rs56951955	34156633	34181460
21	51888	51890	rs12482132	rs6417681	34182226	34183587
21	51892	51894	rs2833965	rs7348997	34185263	34185393
21	51895	52028	rs2231388	rs2051383	34186697	34263760
21	52029	52036	rs2833992	rs8133213	34263940	34269613
21	52037	52105	rs11700855	rs112419558	34270051	34302571
21	52108	52110	rs4393818	rs9978014	34304140	34304578
21	52111	52134	rs11701827	rs2834019	34304733	34316558
21	52135	52139	rs2834020	rs8130718	34317077	34319004
21	52141	52173	rs2105476	rs10211937	34319543	34335235
21	52175	52198	rs9982681	rs2834040	34339333	34351348
21	52199	52233	rs6517124	rs2834051	34352692	34359600
21	52235	52315	rs10048874	rs4816442	34360188	34376145
21	52316	52317	rs79742301	rs2834061	34376326	34376382
21	52320	52321	rs2834062	rs2834063	34377485	34377594
21	52323	52327	rs2226294	rs2834066	34378183	34380513
21	52329	52348	rs2226295	rs2834070	34382282	34387452
21	52349	52351	rs77857836	rs16990063	34387799	34388733
21	52353	52356	rs78751703	rs62216111	34390317	34391716
21	52357	52361	rs35776686	rs13049151	34392405	34393046
21	52362	52384	rs11701698	rs62216117	34393945	34403806
21	52386	52438	rs881666	rs60460929	34405266	34427758
21	52440	52441	rs2834079	rs724070	34430170	34431840
21	52445	52457	rs2834081	rs11554599	34432792	34443760
21	52458	52462	rs762180	rs73900179	34443781	34448295
21	52463	52465	rs13048654	rs56047881	34449397	34452810
21	52466	52468	rs76856088	rs8131457	34453191	34453897
21	52469	52554	rs8132323	rs4817534	34454418	34484978
21	52555	52598	rs13047973	rs2834096	34485912	34501420
21	52600	52602	rs62226093	rs62226094	34501834	34503182
21	52603	52605	rs2834097	rs9984886	34503707	34504659
21	52606	52614	rs8129533	rs190966199	34505018	34510427
21	52615	52617	rs8132490	rs11701032	34510766	34511507
21	52620	52664	rs79560822	rs7279992	34512653	34522753
21	52665	52700	rs71323356	rs62226102	34523798	34532398
21	52701	52714	rs2834115	rs6517147	34532556	34542787
21	52717	52754	rs77224013	rs79046156	34543845	34553389
21	52755	52810	rs2211791	rs2051188	34553685	34569215
21	52811	52812	rs999608	rs999607	34569686	34569734
21	52813	52902	rs2834135	rs16990353	34571716	34587897
21	52904	53017	rs35529757	rs1131668	34589039	34634878
21	53020	53036	rs999788	rs2510317	34638031	34649941
21	53037	53038	rs2834168	rs2834169	34650791	34650849
21	53039	53089	rs8178484	rs2186279	34651253	34664968
21	53090	53308	rs999261	rs2409489	34666160	34742617
21	53309	53347	rs17711780	rs56282402	34744239	34765507
21	53348	53367	rs969478	rs2284553	34766467	34776695
21	53369	53376	rs17879003	rs28653198	34778527	34782395
21	53378	53875	rs9808685	rs2834273	34785672	35207521
21	53876	53883	rs2834274	rs73201703	35207833	35211345
21	53885	53897	rs2284569	rs2409500	35216760	35221667
21	53898	53900	rs11911181	rs1537098	35223783	35224370
21	53907	54006	rs762185	rs9978563	35227103	35253918
21	54007	54012	rs11909881	rs13052780	35254088	35256000
21	54014	54115	rs2073370	rs71326983	35260481	35303766
21	54118	54250	rs34784647	rs2834320	35306101	35357034
21	54251	54272	rs4817608	rs13052018	35357169	35360372
21	54273	54309	rs7277031	rs2898202	35361764	35376116
21	54312	54315	rs62228164	rs62228165	35377888	35378397
21	54316	54317	rs2186553	rs2834337	35379011	35379300
21	54319	54365	rs9975106	rs2834347	35380394	35395461
21	54366	54369	rs9975251	rs34462079	35395703	35396736
21	54370	54392	rs2834350	rs2834358	35397128	35407481
21	54394	54395	rs7277233	rs11911902	35407699	35407705
21	54398	54422	rs4817614	rs10470170	35408729	35425163
21	54425	54537	rs62228241	rs62213668	35426780	35521682
21	54538	54544	rs8131877	rs71326993	35523211	35529633
21	54545	54547	rs9980793	rs7281355	35529837	35530559
21	54549	54550	rs62213672	rs62213673	35530840	35530912
21	54551	54655	rs7277354	rs11700739	35530949	35572222
21	54657	54684	rs9636874	rs6517216	35572727	35584403
21	54685	54687	rs6517217	rs2834407	35584858	35586349
21	54688	54696	rs11702762	rs2834410	35587379	35589407
21	54697	54698	rs9979847	rs9980151	35591400	35591492
21	54701	54704	rs28451064	rs9976596	35593827	35596842
21	54705	54707	rs9976981	rs4816474	35597270	35598619
21	54709	54801	rs2834415	rs2009879	35599366	35653304
21	54802	54928	rs762158	rs4817645	35653670	35724134
21	54931	54937	rs34227724	rs4817646	35725238	35726698
21	54938	54999	rs2834465	rs61740755	35726754	35772977
21	55000	55001	rs2834473	rs9979603	35773931	35774093
21	55002	55003	rs4816482	rs4816483	35774112	35774114
21	55004	55009	rs4816484	rs9979810	35774157	35774246
21	55010	55092	rs8742	rs1547356	35774898	35822572
21	55094	55097	rs11088283	rs9976263	35823779	35824468
21	55098	55246	rs2834486	rs78913921	35824602	35881435
21	55248	55250	rs2834500	rs2834502	35883064	35883489
21	55251	55252	rs73900509	rs56115854	35883743	35883744
21	55255	55289	rs41312977	rs79780086	35885970	35901627
21	55290	55291	rs537888801	rs555883994	35902923	35902926
21	55293	55298	rs9647068	rs7280739	35903026	35904697
21	55303	55542	rs6517243	rs7278421	35905479	35941577
21	55543	55547	rs2252721	rs11909222	35941769	35943547
21	55548	55709	rs2409527	rs11702287	35944468	36010660
21	55714	55797	rs59971892	rs2834579	36012561	36060319
21	55798	55931	rs2236610	rs58251728	36060668	36124712
21	55935	55936	rs2834629	rs2834630	36125818	36126639
21	55937	55983	rs2834633	rs2834644	36127208	36186747
21	55985	55986	rs2253313	rs2253319	36187900	36188046
21	55987	55994	rs2834646	rs4817694	36190040	36194538
21	55996	56038	rs2243988	rs12483501	36202440	36224276
21	56042	56060	rs8127581	rs2251826	36227745	36235739
21	56062	56069	rs2268289	rs11701104	36236443	36238517
21	56070	56073	rs2252585	rs2268294	36241929	36243258
21	56076	56138	rs2300395	rs7364037	36245198	36276892
21	56144	56247	rs73900579	rs9976241	36280897	36338475
21	56248	56249	rs11088300	rs11701453	36338848	36338916
21	56251	56252	rs58144960	rs7278199	36339522	36339532
21	56253	56260	rs2834702	rs66816131	36340396	36342073
21	56262	56263	rs2834707	rs2834708	36343552	36344353
21	56264	56271	rs55857134	rs62216445	36347627	36352353
21	56273	56314	rs2834714	rs59680634	36357352	36364836
21	56317	56319	rs58709766	rs9636888	36367080	36367434
21	56322	56332	rs34841406	rs36087189	36368365	36370073
21	56333	56356	rs28360527	rs2834725	36370185	36378874
21	56358	56369	rs11700551	rs2834730	36379871	36382552
21	56371	56433	rs9984871	rs11701532	36383602	36414780
21	56437	56523	rs9978265	rs28421171	36418403	36457957
21	56524	56525	rs2009566	rs2249858	36458043	36458642
21	56526	56527	rs7279203	rs7278925	36459001	36459002
21	56528	56550	rs11910611	rs60103811	36459288	36465204
21	56552	56603	rs2834757	rs61038914	36467070	36482178
21	56607	56726	rs8133139	rs61223015	36484440	36523905
21	56727	56731	rs2834804	rs2017243	36524140	36526390
21	56733	56767	rs4817703	rs6517279	36527100	36543908
21	56769	56803	rs59710679	rs12483023	36544609	36561598
21	56804	56851	rs4817706	rs11911625	36563079	36578363
21	56852	56898	rs2834840	rs4817711	36578686	36599420
21	56899	56905	rs2834854	rs2834855	36600308	36604340
21	56906	57029	rs73901602	rs75007660	36604771	36664839
21	57032	57110	rs2834882	rs2834902	36666340	36688528
21	57115	57235	rs13048344	rs59012630	36690392	36746321
21	57238	57384	rs13052047	rs2834935	36748863	36821199
21	57387	57411	rs79493415	rs2834941	36824271	36841246
21	57413	57430	rs17227497	rs760139	36843932	36859228
21	57432	57471	rs741781	rs2251736	36860117	36884993
21	57473	57984	rs58651	rs11088327	36886738	37059234
21	57986	57987	rs2242766	rs9983349	37059701	37059706
21	57988	58065	rs1883057	rs13047820	37061932	37138824
21	58066	58197	rs190497445	rs2845716	37141914	37277424
21	58199	58203	rs75284700	rs117696200	37279179	37284291
21	58205	58211	rs35780966	rs7278374	37286322	37293508
21	58212	58249	rs7282815	rs423619	37294112	37305826
21	58254	58832	rs75357234	rs4817772	37308405	37476975
21	58833	58835	rs67422184	rs66492155	37477069	37477401
21	58837	59287	rs1124086	rs2284631	37477746	37597681
21	59295	59296	rs7280549	rs7280662	37599777	37599824
21	59298	59306	rs9981261	rs2239570	37600515	37604976
21	59308	59309	rs6517340	rs7280062	37606426	37606670
21	59311	59398	rs4817787	rs2284639	37609025	37643609
21	59401	59488	rs62232377	rs9978899	37645096	37667969
21	59489	59500	rs12626938	rs58960268	37670029	37672258
21	59502	59503	rs7276322	rs2835333	37672771	37673206
21	59504	59510	rs6517342	rs8132672	37673381	37675683
21	59512	59521	rs57462585	rs76925207	37675803	37676797
21	59522	59523	rs56972455	rs113794049	37678263	37678605
21	59524	59527	rs56250126	rs9789904	37678650	37679671
21	59529	59623	rs142664794	rs218627	37681268	37756035
21	59624	59685	rs59627355	rs11088347	37757470	37795504
21	59689	59691	rs218637	rs172638	37799800	37800620
21	59692	59895	rs218638	rs219766	37800740	37836477
21	59896	59917	rs219765	rs219751	37836711	37847649
21	59919	59965	rs170183	rs60605101	37848334	37858957
21	59966	59977	rs73204270	rs184320	37859210	37864471
21	59980	59993	rs2850113	rs58192378	37865623	37868817
21	59996	59997	rs730265	rs743425	37871886	37872004
21	59998	60003	rs2000544	rs2000546	37872116	37872447
21	60006	60330	rs11700868	rs380723	37873237	37995539
21	60331	60333	rs2835405	rs2835406	37996045	37996897
21	60338	60344	rs2091854	rs73905150	37999053	38003683
21	60345	60467	rs8127467	rs11700665	38004150	38033579
21	60470	60478	rs146726511	rs114607750	38034906	38038272
21	60480	60484	rs1573308	rs8132974	38038694	38040461
21	60488	60550	rs2835422	rs34907269	38042412	38073695
21	60556	60590	rs8130149	rs2835445	38074745	38087816
21	60591	60599	rs9983083	rs13050963	38088550	38091643
21	60601	60602	rs2000548	rs2246739	38092700	38093071
21	60604	60619	rs2284985	rs2835450	38094088	38107859
21	60622	60641	rs13049561;rs375774822	rs2073417	38109096	38120718
21	60644	60646	rs14407	rs12481800	38123925	38127626
21	60648	60685	rs9977769	rs4501027	38128707	38153547
21	60688	60689	rs73210796	rs60796757	38154421	38154445
21	60690	60703	rs73210798	rs999373	38154697	38159460
21	60706	61128	rs3787751	rs11700650	38160163	38347614
21	61129	61133	rs55981408	rs2154530	38347903	38348663
21	61134	61168	rs8127236	rs2850121	38349137	38356150
21	61170	61171	rs73196097	rs59668379	38357586	38357686
21	61173	61274	rs58844217	rs4441558	38358275	38389212
21	61275	61276	rs2266592	rs2266593	38394733	38394743
21	61277	61331	rs7275851	rs138448036	38394818	38407745
21	61333	61380	rs7354770	rs2835569	38408412	38429389
21	61382	61829	rs1235345	rs9917520	38432325	38637577
21	61832	61862	rs9976050	rs9789840	38639294	38654326
21	61866	61875	rs34739542	rs12626691	38657494	38663900
21	61877	61878	rs80013822	rs2835690	38665839	38667313
21	61880	61932	rs9305615	rs62223906	38668607	38699025
21	61935	61945	rs57661399	rs2065304	38699186	38702722
21	61947	61950	rs35983408	rs140685586	38704103	38704886
21	61951	61954	rs7281694	rs9982545	38705639	38707674
21	61955	61957	rs4508689	rs2026262	38708544	38709544
21	61958	61959	rs7276786	rs7281278	38710546	38710631
21	61961	61962	rs2007547	rs1004471	38711180	38711202
21	61963	61965	rs13051737	rs7281389	38711704	38712719
21	61968	61970	rs7278145	rs62223910	38714185	38714984
21	61971	62450	rs59956749	rs2835808	38715028	38925550
21	62451	62459	rs9305620	rs2835810	38926300	38932778
21	62460	62567	rs9977237	rs4817876	38933404	38969672
21	62568	62577	rs8134567	rs857998	38970253	38972903
21	62579	62893	rs857997	rs4817888	38973309	39088007
21	62897	62925	rs857959	rs11088404	39090739	39099402
21	62926	63009	rs2835915	rs11909458	39100899	39124811
21	63011	63061	rs2835939	rs77314495	39128848	39150408
21	63063	63154	rs858044	rs12482457	39151651	39192370
21	63157	63197	rs1540011	rs991984	39194539	39206100
21	63201	63266	rs2836008	rs11702168	39207304	39227031
21	63268	63269	rs7284047	rs3827199	39227575	39227602
21	63270	63338	rs3787858	rs3787862	39227806	39252701
21	63339	63341	rs10775659	rs10775660	39253134	39253518
21	63344	63391	rs8134927	rs2836050	39255190	39284835
21	63394	63443	rs2836051	rs7276004	39286695	39326452
21	63447	63506	rs6517443	rs75290401	39328892	39355597
21	63507	63508	rs2836080	rs2836081	39355720	39355742
21	63512	63581	rs62222024	rs2226364	39357533	39379694
21	63582	63599	rs12627292	rs6517447	39381740	39391005
21	63600	64091	rs9647073	rs2836308	39391088	39698930
21	64092	64163	rs9982937	rs2836334	39699029	39724773
21	64166	64180	rs12483691	rs2836338	39726394	39731913
21	64182	64184	rs2836340	rs2154562	39733529	39733928
21	64187	64258	rs8129049	rs11702043	39735230	39768761
21	64259	64262	rs2836367	rs2836369	39769032	39769817
21	64263	64268	rs2836370	rs2836372	39770364	39774348
21	64270	64391	rs2836373	rs7283535	39775373	39810077
21	64392	64393	rs2836396	rs62217941	39810743	39811162
21	64395	64448	rs2298335	rs10154135	39812481	39830550
21	64449	64450	rs2836415	rs10154182	39830556	39830620
21	64454	64457	rs2836416	rs2186346	39833491	39834330
21	64458	64589	rs2836417	rs3787914	39834792	39903359
21	64590	64736	rs1888471	rs57780472	39903923	39945134
21	64738	64783	rs9974388	rs2836543	39945634	39955464
21	64786	64787	rs61428957	rs76186517	39959157	39959161
21	64788	64789	rs11700937	rs11702833	39959314	39960164
21	64790	64872	rs11702876	rs2836580	39960483	40010784
21	64876	64949	rs76622165	rs2836615	40012667	40048039
21	64950	64951	rs2836616	rs2836618	40048066	40048295
21	64952	65017	rs62217557	rs733541	40048885	40074700
21	65018	65020	rs4817956	rs2006111	40074888	40075054
21	65025	65084	rs75230349	rs73205542	40076731	40118186
21	65089	65091	rs59956947	rs2836659	40120532	40122021
21	65092	65120	rs9982437	rs2836673	40123424	40133710
21	65121	65227	rs9981039	rs2070530	40135124	40194109
21	65228	65262	rs2070531	rs184450771	40194216	40200465
21	65264	65267	rs13051754	rs13051888	40201182	40201277
21	65290	65295	rs7276587	rs2836696	40206530	40207187
21	65301	65316	rs59427744	rs9941892	40208551	40211235
21	65317	65370	rs2836706	rs75893216	40211489	40230018
21	65371	65373	rs463032	rs455426	40230031	40230373
21	65374	65381	rs1893203	rs7281259	40230704	40232103
21	65382	65570	rs425931	rs2000639	40232326	40280522
21	65571	65572	rs2836744	rs2836746	40281003	40281283
21	65573	65590	rs2836747	rs8127552	40282556	40288734
21	65592	65594	rs8128155	rs2836750	40289113	40289167
21	65595	65699	rs8129427	rs2836774	40289454	40316902
21	65701	65702	rs2836776	rs8128041	40318829	40319195
21	65703	65798	rs2836777	rs11088458	40319269	40350120
21	65800	65804	rs9917494	rs2836803	40350582	40351780
21	65806	65878	rs881558	rs73364803	40352358	40367164
21	65880	65927	rs2410078	rs2836825	40369030	40380977
21	65929	65930	rs11702393	rs62222410	40382384	40382615
21	65932	65946	rs1537109	rs2836834	40382795	40387484
21	65949	65977	rs13049645	rs13052465	40389017	40395145
21	65978	65979	rs2836845	rs8129177	40395343	40395376
21	65980	66007	rs8129288	rs1888483	40395422	40401698
21	66009	66089	rs74695560	rs8130107	40402761	40425579
21	66090	66157	rs2836865	rs75466419	40426329	40451908
21	66159	66166	rs2836877	rs9941865	40452573	40455367
21	66167	66201	rs71316663	rs75659006	40455511	40471978
21	66202	66205	rs724732	rs58278207	40473197	40475118
21	66207	66210	rs7279465	rs11088463	40476413	40480466
21	66216	67264	rs431376	rs596289	40485172	40874732
21	67265	67267	rs9983428	rs8131962;rs536111031	40875174	40875344
21	67268	67376	rs8131078	rs11088480	40875408	40896960
21	67377	67378	rs58645893	rs10451760	40897052	40897159
21	67379	67380	rs79169281	rs112059245	40897214	40897267
21	67385	67426	rs1006601	rs6517554	40899177	40908289
21	67427	67702	rs74821724	rs523893	40908759	40963407
21	67703	67734	rs2410159	rs583953	40963664	40971786
21	67736	67738	rs13049071	rs8129124	40973309	40973691
21	67739	67752	rs1997543	rs28533667	40974288	40980521
21	67755	67796	rs673576	rs11701869	40981218	41008431
21	67798	67829	rs634910	rs78083988	41008874	41019888
21	67831	67856	rs596618	rs2239385	41020601	41027747
21	67859	67880	rs631430	rs4818067	41028197	41040695
21	67881	67942	rs2837111	rs79172657	41041821	41072897
21	67944	67982	rs2837126	rs28587852	41073378	41097382
21	67987	67999	rs4818074	rs463440	41098802	41104545
21	68000	68632	rs2837133	rs2837260	41105069	41225250
21	68635	68647	rs8129710	rs67841606	41225770	41233318
21	68648	68649	rs438591	rs415573	41234440	41234519
21	68651	68677	rs374162	rs34361952	41235621	41246775
21	68679	68709	rs62235432	rs2837268	41248127	41259602
21	68710	68718	rs35758592	rs2299753	41259691	41260363
21	68721	68807	rs56209274	rs2299762	41261453	41277700
21	68808	68809	rs2299763	rs2299765	41277789	41277845
21	68814	68817	rs2244287	rs2299767	41278929	41279583
21	68818	68826	rs2299768	rs2299775	41279687	41280938
21	68827	68833	rs2299776	rs3819591	41281464	41282365
21	68834	68835	rs2837287	rs3819593	41282579	41282597
21	68836	68841	rs3819594	rs2837288	41282608	41282995
21	68842	68956	rs928294	rs9981433	41283608	41309565
21	68960	68961	rs2837309	rs12482580	41310371	41310443
21	68962	69072	rs11911882	rs1734847	41312095	41345199
21	69076	69077	rs75822133	rs62236605	41346212	41346214
21	69078	69084	rs62236606	rs1734850	41346320	41349998
21	69085	69105	rs7275368	rs58007248	41350108	41355336
21	69106	69205	rs760130	rs77598808	41356039	41379392
21	69206	69210	rs10775663	rs2837367	41379496	41382211
21	69211	69216	rs2837368	rs2837372	41382384	41383468
21	69217	69219	rs4818108	rs73221332;rs567671735	41383783	41383840
21	69221	69238	rs2837374	rs8133488	41385760	41388360
21	69243	69323	rs62235574	rs928293	41389967	41412642
21	69324	69409	rs8128025	rs2837412	41413744	41438541
21	69410	69433	rs2837413	rs2837423	41439109	41444850
21	69434	69468	rs420863	rs10222094	41445334	41454366
21	69471	69479	rs408241	rs7275547	41457292	41462760
21	69480	69488	rs11701806	rs7276717	41463804	41464948
21	69489	69491	rs11701562	rs409181	41467123	41467759
21	69492	69497	rs449998	rs377510	41467826	41469756
21	69498	69707	rs8127271	rs2837466	41471733	41531472
21	69709	69743	rs2837468	rs2837477	41532330	41542200
21	69745	69979	rs2898401	rs2837553	41544215	41662870
21	69980	69986	rs9975585	rs9977943	41663033	41667233
21	69988	70042	rs67184866	rs34336407	41667714	41684090
21	70043	70051	rs1007307	rs73227048	41684888	41691739
21	70053	70065	rs73371761	rs12626628	41693634	41705756
21	70067	70068	rs2205081	rs2837572	41708994	41709389
21	70071	70123	rs74918773	rs2837582	41711938	41739752
21	70125	70186	rs9980938	rs2837614	41740078	41766224
21	70188	70193	rs73214887	rs1985799	41769446	41770595
21	70195	70236	rs1160319	rs2837624	41772392	41801051
21	70242	70273	rs9981495	rs58704028	41803872	41816672
21	70277	70553	rs2837630	rs55714611	41818543	41917545
21	70557	70852	rs1554936	rs76864567	41918958	42001590
21	70854	70979	rs11702781	rs57751746	42002476	42024276
21	70982	70995	rs78896678	rs11701167	42024988	42027896
21	70996	71000	rs2837766	rs2837768	42028282	42030007
21	71003	71005	rs7281929	rs10854404	42030865	42031202
21	71006	71144	rs11088525	rs4818162	42031522	42058520
21	71145	71146	rs9653728	rs2837783	42059065	42059090
21	71148	71244	rs4818163	rs35558724	42060335	42097905
21	71245	71264	rs35067914	rs35255399	42099687	42107794
21	71265	71267	rs2142133	rs7275210	42107899	42108235
21	71269	71357	rs7284050	rs909185	42108737	42138491
21	71359	71363	rs12483431	rs9808699	42139330	42140619
21	71364	71366	rs4818171	rs9982814	42141513	42142491
21	71368	71511	rs7283946	rs6517620	42143503	42183983
21	71514	71518	rs7283279	rs2837836	42185860	42188033
21	71519	71520	rs143218239	rs78823543	42190175	42190846
21	71522	71547	rs57292936	rs111987370	42191539	42200661
21	71548	71549	rs59079095	rs7283189	42201145	42201433
21	71550	71579	rs2898425	rs57130760	42201615	42206305
21	71582	71620	rs932241	rs13046100	42208057	42224601
21	71623	71624	rs8130871	rs8133945	42226148	42226166
21	71626	71698	rs78486492	rs2837858	42226663	42251261
21	71699	71767	rs55660916	rs4581977	42252818	42274582
21	71768	71799	rs28706422	rs7275425	42276108	42282783
21	71800	71916	rs928299	rs7279444	42283256	42314002
21	71918	71919	rs73903086	rs74751940	42314556	42314565
21	71920	72000	rs73229964	rs7278669	42315214	42335080
21	72001	72084	rs9305716	rs71318547	42335623	42378425
21	72085	72086	rs71318548	rs35976647	42378439	42378656
21	72089	72179	rs9980066	rs62218915	42381055	42428951
21	72180	72400	rs2104809	rs2776341	42430011	42490274
21	72401	72408	rs2837957	rs11088542	42491120	42492511
21	72409	72410	rs11088543	rs8131452	42492724	42493587
21	72411	72412	rs1543657	rs10854410	42493949	42494807
21	72413	72432	rs2837959	rs1571731	42495445	42504356
21	72433	72434	rs1467755	rs28608494	42505575	42505651
21	72436	72446	rs10470194	rs2837960	42508620	42511918
21	72449	72486	rs13049838	rs2776343	42513675	42521267
21	72488	72548	rs9974272	rs1467756	42521711	42545250
21	72549	72550	rs4818216	rs4818217	42546037	42546059
21	72553	72554	rs766850	rs4818219	42546817	42547894
21	72556	72557	rs61736857	rs61735054	42548453	42548481
21	72558	72560	rs9977003	rs9305729	42548721	42550402
21	72562	72574	rs73902944	rs114123079	42554634	42564473
21	72575	72595	rs4818220	rs73222254	42566132	42572514
21	72596	72601	rs73222255	rs7277920	42572828	42575415
21	72604	72631	rs2837967	rs13052926	42576964	42585088
21	72632	72639	rs9983496	rs28437018	42586130	42594058
21	72640	72655	rs34616176	rs2837974	42595176	42602735
21	72657	72671	rs9979662	rs1541103	42606150	42613344
21	72674	72680	rs2837981	rs2837984	42616005	42617037
21	72681	72696	rs3787938	rs2837993	42617657	42620714
21	72697	72779	rs960230	rs58795078	42622479	42656617
21	72780	72781	rs2006737	rs2006741	42657187	42657221
21	72784	72786	rs2410416	rs9980146	42658473	42659015
21	72787	72884	rs4818230	rs427369	42659676	42706311
21	72886	72935	rs433654	rs2189512	42707166	42727708
21	72939	72951	rs390789	rs9977147	42729837	42739433
21	72952	72976	rs9980351	rs2065326	42739821	42748235
21	72978	72979	rs2065327	rs379839	42748319	42749189
21	72981	72982	rs36019198	rs59158459	42750412	42750451
21	72983	72987	rs8132904	rs4818235	42750842	42753599
21	72988	72990	rs28690370	rs8127870	42756275	42756996
21	72991	73005	rs373066	rs9305743	42757620	42764948
21	73006	73040	rs9976700	rs112222106	42766607	42791653
21	73041	73331	rs457274	rs7275220	42792485	42865324
21	73335	73524	rs34256269	rs9305749	42868876	42915004
21	73525	73526	rs11701062	rs9979417	42915121	42915988
21	73527	73528	rs76446838	rs7276024	42916958	42917073
21	73529	73530	rs7278987	rs7278990	42917421	42917425
21	73532	73562	rs2838055	rs2838063	42918384	42929129
21	73564	73566	rs2838064	rs4276096	42930177	42930969
21	73568	73661	rs73231939	rs28580771	42931782	42955173
21	73671	73672	rs34298490	rs35784634	43014488	43015709
21	73675	73684	rs11911492	rs71318574	43017485	43022890
21	73685	73695	rs6586233	rs6586240	43023249	43025515
21	73696	73733	rs6586241	rs79348973	43025876	43034276
21	73736	73760	rs9977018	rs74498001	43036969	43041688
21	73763	73764	rs3862035	rs9979058	43042859	43043098
21	73766	73829	rs9977264	rs7275389	43044458	43061948
21	73830	73831	rs2838079	rs2838080	43062282	43062697
21	73832	73840	rs4919921	rs4919950	43062771	43065365
21	73841	73848	rs9983565	rs7280465	43065992	43070212
21	73849	73850	rs75140793	rs73233510	43071497	43072206
21	73852	73853	rs2402162	rs2402161	43073400	43073941
21	73855	73857	rs8129208	rs76972452	43074507	43074545
21	73861	73889	rs2849683	rs2849694	43075687	43082635
21	73890	73892	rs2849695	rs2849696	43083543	43084120
21	73893	73897	rs8134798	rs73233519	43084558	43085223
21	73898	73917	rs2309100	rs2776354	43085990	43089511
21	73918	73919	rs73366100	rs8131681	43089627	43090415
21	73920	73960	rs2776355	rs2776364	43090830	43098532
21	73963	74021	rs12106341	rs13047253	43099585	43118514
21	74023	74032	rs4919924	rs62214219	43119506	43120665
21	74033	74037	rs9982218	rs9978529	43120692	43121106
21	74038	74050	rs11702276	rs8133496	43121187	43121793
21	74051	74059	rs8130711	rs35818176	43121958	43122699
21	74061	74073	rs7279092	rs11203151	43123052	43125561
21	74074	74147	rs3930584	rs4919935	43125707	43136728
21	74148	74176	rs2838099	rs12626864	43137194	43141467
21	74179	74182	rs73216978	rs4919937	43141870	43142669
21	74186	74187	rs2309103	rs7283002	43143936	43144340
21	74188	74189	rs7283489	rs8126818	43145299	43145748
21	74191	74197	rs4591431	rs2838102	43146348	43147004
21	74198	74199	rs11911506	rs73216980	43147016	43147040
21	74200	74201	rs11203153	rs2838103	43147252	43147374
21	74202	74205	rs12483496	rs77443355	43147490	43148352
21	74206	74257	rs13046636	rs113986322	43148681	43167550
21	74261	74301	rs2838114	rs3787958	43169357	43184093
21	74302	74357	rs2871118	rs3017437	43184320	43198329
21	74360	74510	rs12627347	rs28680734	43199978	43237585
21	74511	74517	rs28469625	rs28360602	43237843	43240356
21	74518	74522	rs73375543	rs28535385	43240693	43241909
21	74523	74602	rs28546531	rs9978984	43241938	43255862
21	74604	74606	rs8129229	rs8132216	43256073	43256082
21	74607	74641	rs4920098	rs8132104	43256252	43267796
21	74642	74646	rs7281198	rs2839394	43267879	43268693
21	74648	74661	rs9325629	rs4920060	43269399	43272211
21	74662	74720	rs7281207	rs1893588	43272299	43287065
21	74721	74723	rs12482809	rs4920070	43287111	43287842
21	74724	74728	rs7277616	rs13046908	43289206	43290089
21	74729	74730	rs12151960	rs3746898	43290140	43291053
21	74731	74736	rs3746899	rs4919979	43291071	43292822
21	74737	74769	rs35109371	rs35840201	43292852	43303558
21	74770	74799	rs1539968	rs8128130	43304884	43311858
21	74800	74802	rs4919988	rs8133175	43311985	43312751
21	74803	74820	rs9983984	rs17766637	43312865	43316506
21	74821	74822	rs11700910	rs13049118	43317151	43317233
21	74823	74832	rs218366	rs9984905	43317441	43319043
21	74833	74847	rs511247	rs396690	43319534	43320750
21	74850	74851	rs3819159	rs382736	43321426	43321528
21	74853	74895	rs8129406	rs9984984	43322447	43333504
21	74896	74906	rs2839420	rs4920133	43333968	43335206
21	74907	74922	rs3827223	rs365163	43338175	43345207
21	74923	74924	rs117085944	rs73221431	43345438	43345575
21	74925	74956	rs13052308	rs56908131	43347556	43362204
21	74957	74958	rs3746910	rs7279279	43362513	43363109
21	74959	74962	rs113678508	rs112519180	43363473	43363736
21	74964	74965	rs429110	rs437936	43364475	43364569
21	74966	74968	rs60027869	rs60114428	43364813	43365678
21	74969	74970	rs112581002	rs9983132	43367221	43367246
21	74974	74987	rs12185851	rs9979880	43372219	43377572
21	74991	75130	rs59332489	rs220197	43378964	43437886
21	75132	75133	rs116456054	rs115758864	43438597	43438608
21	75134	75153	rs220198	rs220215	43438674	43440257
21	75155	75171	rs11701616	rs2839440	43441250	43443498
21	75176	75231	rs11701948	rs457186	43445292	43456164
21	75232	75233	rs56003408	rs79280913	43456812	43457469
21	75237	75238	rs4920059	rs73369515	43458706	43458745
21	75244	75245	rs150790	rs35756574	43460496	43460852
21	75250	75367	rs62215088	rs220282	43462356	43493756
21	75368	75371	rs220283	rs220284	43494604	43495777
21	75372	75375	rs220285	rs469618	43496017	43496949
21	75376	75381	rs220287	rs468126	43497272	43497824
21	75387	75388	rs220296	rs220297	43498844	43498930
21	75389	75412	rs220298	rs112719730	43499167	43508597
21	75413	75414	rs220301	rs220302	43508801	43508822
21	75415	75438	rs220303	rs220309	43509699	43517440
21	75439	75441	rs220310	rs220312	43518323	43519032
21	75442	75529	rs220313	rs8129439	43519369	43534738
21	75532	75553	rs117021139	rs220151	43535511	43542379
21	75555	75560	rs220152	rs11910495	43542753	43545060
21	75561	75566	rs220156	rs220157	43545213	43546705
21	75568	75606	rs220158	rs220170	43547788	43555300
21	75607	75608	rs117150237	rs117340502	43555373	43555395
21	75610	75960	rs11910458	rs9976024	43555658	43641657
21	75962	76008	rs225411	rs3787979	43643047	43670657
21	76009	76015	rs9982242	rs113669242	43671120	43673375
21	76017	76064	rs225376	rs225398	43674122	43688594
21	76065	76066	rs532345	rs691687	43689491	43689870
21	76067	76120	rs482303	rs3788006	43691469	43703098
21	76122	76131	rs8130349	rs9653812	43703787	43705725
21	76132	76133	rs3788007	rs450808	43706776	43706944
21	76136	76137	rs4920080	rs4920081	43708766	43708990
21	76139	76180	rs7277991	rs6586308	43709682	43727683
21	76183	76254	rs225437	rs170430	43730795	43756824
21	76255	76257	rs178737	rs692532	43758901	43759582
21	76259	76282	rs8127357	rs225337	43760483	43767500
21	76283	76345	rs2839486	rs225353	43768197	43783055
21	76346	76347	rs225354	rs225355	43784201	43784482
21	76348	76354	rs225356	rs2156310	43786068	43786606
21	76355	76356	rs3761376	rs225359	43787038	43787436
21	76357	76358	rs35448902	rs184432	43787501	43787562
21	76360	76387	rs8129470	rs225311	43788609	43793772
21	76389	76427	rs1888520	rs2839504	43794185	43808004
21	76433	76449	rs225433	rs3814902	43809418	43816548
21	76450	76663	rs3829962	rs8133593	43816624	43876400
21	76667	76736	rs2839527	rs7283245	43878213	43896583
21	76745	76747	rs532561393	rs562983482	43897332	43897334
21	76750	77179	rs12482483	rs401909	43898112	44020651
21	77180	77185	rs34203675	rs410700	44021465	44021573
21	77187	77195	rs1788420	rs79163750	44021992	44025049
21	77196	77216	rs34923991	rs1788456	44025058	44028847
21	77218	77282	rs7281185	rs915848	44030109	44053466
21	77283	77384	rs430043	rs71320535	44053812	44078359
21	77385	77386	rs62215372	rs1078487	44078731	44078799
21	77387	77389	rs9981767	rs6586337	44079875	44080731
21	77390	77396	rs62215374	rs62215376	44080835	44081706
21	77397	77411	rs8131179	rs62215378	44082201	44087731
21	77412	77460	rs2284958	rs2269140	44088631	44103996
21	77461	77462	rs8134359	rs2839571	44104825	44104858
21	77463	77464	rs62215395	rs78355380	44105866	44106053
21	77465	77625	rs58419862	rs75905062	44107083	44158447
21	77627	77634	rs9976235	rs7278553	44160538	44161682
21	77636	77641	rs6586343	rs9637308	44163625	44166588
21	77642	77659	rs2839582	rs2269159	44168553	44174592
21	77660	77667	rs2269160	rs13047953	44175596	44180443
21	77668	77722	rs1547379	rs57377108	44180916	44192136
21	77725	77726	rs61128886	rs62213445	44193830	44193952
21	77728	77731	rs71320558	rs9637296	44194175	44195374
21	77732	77776	rs2068769	rs883471	44195804	44207140
21	77777	77782	rs12053696	rs12053711	44207846	44209322
21	77784	78938	rs117288678	rs418639	44209354	44468843
21	78939	78940	rs1788493	rs11701704	44469063	44469404
21	78941	78991	rs74998338	rs2014564	44469641	44481169
21	78992	79021	rs4920037	rs2851393	44481891	44490074
21	79022	79026	rs9982015	rs9980564	44490092	44492603
21	79027	79028	rs2849731	rs2605308	44492838	44492843
21	79030	79040	rs1788484	rs234782	44496941	44502524
21	79044	79055	rs234785	rs3972	44504005	44506201
21	79057	79122	rs11701664	rs62217712	44507240	44536061
21	79123	79125	rs7278265	rs7278289	44537033	44537071
21	79127	79186	rs4317023	rs9974971	44537233	44568074
21	79189	79224	rs9978825	rs13047512	44569153	44581550
21	79227	79237	rs8130288	rs4920052	44583170	44587108
21	79239	79245	rs9983145	rs11700709	44588115	44589569
21	79248	79264	rs3819160	rs883310	44590921	44595289
21	79267	79312	rs60122481	rs12482670	44597284	44608660
21	79314	79363	rs2839650	rs28972086	44609005	44632513
21	79367	79377	rs12482212	rs9981412	44701381	44711082
21	79378	79403	rs4819139	rs9983899	44711213	44717198
21	79405	79406	rs73909406	rs73909407	44717779	44717781
21	79408	79458	rs8133022	rs560548	44718708	44732665
21	79461	79471	rs2838254	rs2122867	44736315	44739481
21	79474	79539	rs688515	rs626045	44741551	44763583
21	79540	79586	rs7280219	rs7277802	44764506	44773812
21	79589	79702	rs8130681	rs653004	44774853	44802443
21	79703	79729	rs2838292	rs74657229	44803821	44819014
21	79731	79747	rs35430523	rs36034017	44819518	44825317
21	79749	79752	rs13051273	rs581115	44825421	44825431
21	79754	79755	rs857553	rs471712	44825519	44825536
21	79758	79765	rs112126393	rs4818955	44826438	44829087
21	79766	79785	rs857551	rs58751812	44829992	44833442
21	79789	79790	rs78668403	rs10340	44834101	44834807
21	79792	79830	rs587087	rs56796001	44835301	44845888
21	79831	79847	rs3746951	rs77431699	44846016	44854092
21	79848	79849	rs162365	rs162364	44854995	44855358
21	79852	79907	rs7279895	rs61001215	44857042	44872245
21	79908	79915	rs17004553	rs6518212	44872454	44874564
21	79916	79918	rs8131995	rs7281094	44874605	44874702
21	79919	79926	rs162386	rs463194	44875495	44877993
21	79929	79939	rs162382	rs162348	44884252	44913747
21	79941	80222	rs230640	rs13053089	44914815	45135385
21	80224	80276	rs9985172	rs9984818	45136843	45158689
21	80282	80284	rs112060928	rs80267445	45161339	45161914
21	80286	80362	rs4594536	rs2838363	45164854	45191139
21	80364	80370	rs9976143	rs28691645	45192020	45193758
21	80371	80601	rs35006428	rs2838421	45195096	45254485
21	80606	80607	rs60094038	rs73906653	45255385	45255468
21	80608	80694	rs762413	rs55939443	45255592	45283832
21	80695	80802	rs4819337	rs8134198	45287501	45369535
21	80805	80806	rs2838447	rs3827248	45370888	45371039
21	80807	80836	rs3827249	rs6518342	45371328	45387109
21	80839	80846	rs2070542	rs3788094	45388644	45392846
21	80847	80901	rs3788095	rs4819360	45392923	45415913
21	80903	81245	rs7277731	rs35430306	45416486	45605272
21	81250	81254	rs59829171	rs6518349	45607954	45608818
21	81255	81336	rs73228974	rs58911644	45609110	45629121
21	81337	81467	rs2838526	rs2329717	45629368	45652644
21	81469	81470	rs76528571	rs73229000	45653275	45653292
21	81472	81473	rs7281454	rs7278257	45653759	45653764
21	81474	81475	rs141439063	rs75967196	45654774	45655037
21	81476	81483	rs2070557	rs56124762	45655124	45658474
21	81484	81485	rs8127483	rs420726	45659183	45659445
21	81486	81511	rs2847224	rs62226872	45660835	45672223
21	81512	81513	rs62226873	rs138247506	45672285	45672692
21	81514	81515	rs115075075	rs2838534	45672793	45673649
21	81516	81578	rs2070562	rs112823084	45674095	45696580
21	81579	81616	rs12482361	rs878080	45696955	45708021
21	81618	81632	rs878081	rs933150	45708277	45712588
21	81637	81734	rs2256817	rs59952509	45715386	45735363
21	81737	81762	rs2838550	rs62220411	45737195	45755808
21	81764	81873	rs66916924	rs2838557	45756069	45812703
21	81874	81875	rs371831935	rs28483980	45815582	45815586
21	81877	81960	rs1785468	rs4818919	45817212	45849864
21	81963	81977	rs2238724	rs7283613	45852949	45856408
21	81978	82038	rs9979491	rs4818720	45856615	45893879
21	82040	82073	rs73233025	rs638568	45894462	45923673
21	82076	82078	rs233225	rs233228	45928055	45934200
21	82079	82083	rs60390607	rs2838576	45939057	45940524
21	82084	82095	rs2838577	rs233313	45940990	45952000
21	82098	82114	rs9975101	rs62220861	45955372	45962371
21	82115	82120	rs233321	rs233233	45962865	45968373
21	82122	82159	rs6518194	rs11701526	45969601	45975524
21	82161	82162	rs233250	rs233251	45975681	45976279
21	82163	82202	rs2838588	rs233284	45977111	45992475
21	82204	82216	rs233285	rs118098343	45993819	46004302
21	82217	82218	rs233287	rs233288	46008215	46008270
21	82219	82335	rs233289	rs233271	46008416	46041734
21	82343	82843	rs8134285	rs17213972	46045354	46128813
21	82844	82846	rs2838662	rs878127	46128854	46129035
21	82847	82849	rs2329896	rs35194355	46129439	46129997
21	82850	82892	rs79379722	rs75833652	46130325	46142745
21	82894	82896	rs2838663	rs74606938	46143382	46143861
21	82897	82898	rs235378	rs189288	46143974	46143989
21	82901	83034	rs186849	rs425865	46145578	46174999
21	83036	83038	rs388296	rs1107053	46175364	46175545
21	83040	83041	rs396999	rs35907272	46175935	46175937
21	83043	83044	rs4818971	rs4818972	46176796	46176838
21	83045	83046	rs2838670	rs2838671	46176907	46176941
21	83049	83237	rs9647228	rs690626	46178515	46243319
21	83239	83436	rs690355	rs235372	46244071	46293271
21	83440	83493	rs545998275	rs882549	46294677	46308441
21	83496	83519	rs2075884	rs235333	46310530	46317008
21	83520	83526	rs55678595	rs12627394	46317846	46319923
21	83531	83551	rs760464	rs3746972	46321035	46327835
21	83553	83557	rs760462	rs760459	46328099	46328835
21	83560	83561	rs760457	rs760456	46329312	46329415
21	83562	83586	rs3788146	rs7282310	46329620	46336166
21	83592	83629	rs56332357	rs3761395	46337226	46342091
21	83631	83650	rs56140450	rs4818987	46343481	46347362
21	83651	83653	rs4818988	rs1721	46348764	46349496
21	83654	83896	rs62214473	rs9680287	46349515	46417127
21	83897	83898	rs73907213	rs73907214	46417419	46417420
21	83900	83901	rs11701387	rs11909047	46417498	46417514
21	83904	83916	rs111752458	rs60020536	46418299	46419990
21	83917	83925	rs9982678	rs58638188	46420024	46422296
21	83927	83940	rs9808814	rs9980263	46424040	46428229
21	83944	83946	rs7277264	rs34281657	46429864	46430228
21	83947	83956	rs4819012	rs869708	46430792	46434954
21	83957	83963	rs8126575	rs36221780	46435610	46439910
21	83965	83999	rs4819014	rs2838755	46441223	46453498
21	84000	84005	rs8129133	rs873737	46454237	46454595
21	84006	84007	rs11909225	rs7277951	46454663	46454844
21	84008	84042	rs11088978	rs75886568	46455045	46475704
21	84043	84059	rs8132321	rs11700654	46476335	46483820
21	84061	84631	rs72613652	rs10854469	46484612	46733062
21	84632	84634	rs4819060	rs4819062	46735396	46736026
21	84636	84637	rs34700676	rs12627165	46736292	46736694
21	84639	84643	rs2838873	rs7277970	46739353	46741721
21	84644	84646	rs62214418	rs147926525	46741764	46741854
21	84651	84652	rs55654356	rs73238104	46743575	46744199
21	84653	84655	rs73907408	rs914233	46744358	46744941
21	84658	84693	rs747403	rs75185599	46747226	46759899
21	84695	84755	rs61740568	rs2838896	46761760	46777852
21	84756	84764	rs13047971	rs35802871	46778772	46779825
21	84765	84897	rs13052253	rs2838904	46780002	46806682
21	84900	84916	rs4818776	rs7280041	46807985	46812760
21	84917	84920	rs7280436	rs8132562	46812985	46813678
21	84921	84935	rs537759926	rs944424	46813732	46817160
21	84936	84944	rs4819095	rs62216279	46817380	46819726
21	84945	84956	rs9637198	rs2838906	46820082	46821907
21	84959	84960	rs572810079	rs534663682	46825033	46825034
21	84962	84963	rs34975687	rs62216280	46825723	46825790
21	84964	84965	rs56072431	rs56206235	46826513	46826677
21	84966	84981	rs35205716	rs527611830	46826812	46831692
21	84982	84983	rs874700	rs1004133	46831693	46831922
21	84985	85002	rs2838907	rs35387814	46834311	46839375
21	85005	85315	rs13050115	rs8126955	46841119	46922934
21	85320	85421	rs3753019	rs4818790	46924785	46959979
21	85422	85427	rs79701880	rs6518250	46960598	46965118
21	85428	85431	rs3939250	rs4818791	46965499	46970267
21	85433	85524	rs62214331	rs9647239	46974927	47012453
21	85527	85565	rs11089016	rs6518253	47014657	47030613
21	85569	86571	rs9974061	rs35312714	47032094	47426235
21	86572	86706	rs13052665	rs2839093	47426390	47469221
21	86713	86716	rs9982334	rs7282216	47470696	47471324
21	86717	86748	rs7283964	rs60272127	47471395	47475118
21	86749	86750	rs201955870	rs200405838	47475472	47475473
21	86752	86753	rs11908921	rs13046841	47475741	47475747
21	86754	86755	rs13048138	rs71324488	47475753	47475825
21	86756	86845	rs9978275	rs56284934	47475916	47485596
21	86846	86893	rs12483247	rs12481743	47486252	47490767
21	86894	86895	rs2839098	rs8134988	47490970	47491014
21	86899	86917	rs73159671	rs2839101	47493656	47498034
21	86918	86919	rs8126974	rs62213131	47498238	47498280
21	86922	86979	rs915805	rs9982178	47500543	47514916
21	86980	86982	rs869086	rs4819199	47515425	47515994
21	86984	87174	rs2156431	rs55837793	47516540	47560684
21	87176	87179	rs2839125	rs9982796	47561005	47561317
21	87180	87214	rs16978930	rs17004505	47561539	47571209
21	87219	87220	rs2839127	rs8134417	47573550	47573696
21	87222	87223	rs7279849	rs1556339	47574463	47574799
21	87225	88980	rs1556340	rs62224572	47574960	48100388
21	88981	88992	rs140397744	rs149048580	48100711	48119634
