chr	start.index	end.index	start.rsID	end.rsID	start.bp	end.bp
21	1	9	rs78200054	rs77603406	9411410	9413839
21	11	21	rs77312274	rs71220063	9413995	9419909
21	23	24	rs1850112	rs75773527	9420476	9420672
21	30	31	rs572597602	rs535212017	9431839	9431841
21	32	33	rs554925814	rs574919545	9432191	9432224
21	35	36	rs560429527	rs529391366	9432346	9432347
21	37	38	rs562843516	rs531752127	9432456	9432457
21	42	47	rs148318832	rs372796018	9438531	9448874
21	52	54	rs368741731	rs370881841	9456045	9456326
21	60	61	rs572388728	rs541353203	9471017	9471021
21	62	63	rs562602787	rs531349332	9471357	9471366
21	67	73	rs575077928	rs376039415	9472828	9473929
21	82	84	rs553581438	rs534680183	9478024	9478027
21	85	86	rs189403754	rs562036486	9479686	9479702
21	89	90	rs540616910	rs560500179	9484288	9484289
21	91	97	rs371191807	rs183964216	9484839	9489447
21	99	192	rs148691174	rs374604887	9489527	9551691
21	193	195	rs376884312	rs375266867	9551839	9551884
21	196	198	rs562685045	rs544837208	9552050	9552054
21	199	200	rs189168059	rs181888158	9552124	9552125
21	208	211	rs565612934	rs537289404	9560741	9561133
21	216	259	rs79995548	rs76242579	9571074	9593527
21	263	405	rs71262411	rs77863943	9646062	9732460
21	419	420	rs559567833	rs528389385	9827521	9827522
21	423	859	rs78950251	rs373006350	9827874	10014572
21	863	865	rs536352381	rs369761112	10024147	10024476
21	868	869	rs370220027	rs374373576	10031728	10031831
21	871	873	rs371293524	rs368527570	10085649	10085654
21	875	877	rs569076240	rs558272230	10087064	10087068
21	878	880	rs375362204	rs556471031	10092719	10100883
21	881	883	rs374388010	rs376166087	10101392	10101514
21	885	887	rs374965762	rs371921885	10126782	10131915
21	890	893	rs578161237	rs573941384	10141532	10141535
21	894	896	rs372168964	rs536347579	10151068	10157925
21	904	905	rs374403603	rs557740289	10200902	10200903
21	908	909	rs547078259	rs567181459	10205434	10205435
21	910	916	rs372309948	rs78756897	10205589	10209968
21	920	922	rs368117819	rs368472558	10374201	10390716
21	925	926	rs374145032	rs368663717	10405994	10405997
21	932	942	rs3870672	rs2945170	10418096	10430862
21	946	949	rs376972237	rs2948860	10442902	10444219
21	957	961	rs4406515	rs78386124	10456521	10461007
21	969	970	rs2689071	rs76310522	10485042	10486460
21	974	990	rs80353910	rs540709098	10507349	10526410
21	998	1012	rs75846838	rs4454389	10541587	10565733
21	1013	1017	rs78546400	rs71208453	10569274	10577524
21	1020	1030	rs79387634	rs78228042	10596026	10606631
21	1032	1048	rs149208774	rs575240005	10614720	10628076
21	1053	1057	rs527838840	rs78204587	10633282	10642010
21	1062	1708	rs28794631	rs78225807	10698171	10942981
21	1709	1710	rs212126	rs150475	10948119	10949711
21	1712	1713	rs4528861	rs210535	10951161	10951162
21	1715	1717	rs372855268	rs76666605	10962455	10966579
21	1718	1719	rs77122005	rs544663323	10969157	10969158
21	1722	1816	rs468525	rs12481873	10970017	11031286
21	1820	1821	rs8128840	rs2979619	11032173	11032175
21	1823	1824	rs2479471	rs2480032	11033803	11033804
21	1826	1828	rs1617938	rs75596890	11034041	11034047
21	1831	1832	rs3902119	rs4484117	11035207	11035210
21	1834	1835	rs2257911	rs2430054	11035311	11035313
21	1839	1840	rs1830442	rs2768870	11036834	11036836
21	1841	1842	rs673211	rs76662241	11037148	11037151
21	1855	1857	rs199988002	rs9637259	11043026	11043030
21	1861	1862	rs10222042	rs58170557	11043946	11043950
21	1863	1864	rs463187	rs9712670	11044999	11045000
21	1868	1869	rs2951033	rs9789893	11046604	11046605
21	1874	1875	rs468062	rs468605	11047979	11047980
21	1877	1878	rs2740331	rs457619	11048190	11048194
21	1882	1885	rs1640137	rs2259246	11049225	11049231
21	1886	1896	rs468629	rs157534	11049516	11052361
21	1897	1898	rs7275781	rs4111238	11052607	11052611
21	1899	1900	rs2979625	rs2979626	11053053	11053055
21	1904	1905	rs2908363	rs2698586	11053903	11053906
21	1906	1907	rs556439022	rs2770429	11054178	11054180
21	1913	1914	rs157528	rs4111235	11055513	11055514
21	1915	2028	rs157527	rs2768879	11055549	11096200
21	2032	2033	rs7278784	rs7278785	11097143	11097147
21	2034	2035	rs200140180	rs2740281	11097275	11097276
21	2040	2041	rs73151874	rs112614389	11098723	11098724
21	2044	2226	rs1752242	rs150530010	11099802	11136697
21	2229	2230	rs11184087	rs11184088	11137662	11137674
21	2231	2235	rs75947397	rs80333830	11137784	11137800
21	2236	2237	rs71273539	rs10439764	11137844	11137847
21	2238	2239	rs3118653	rs76798137	11137935	11137939
21	2243	2244	rs28468585	rs28643537	11138260	11138265
21	2267	2268	rs2339065	rs2339066	11146318	11146319
21	2271	2272	rs2951057	rs2951058	11147868	11147871
21	2276	2277	rs9712653	rs9712756	11149166	11149167
21	2290	2291	rs62221460	rs62221461	11162038	11162042
21	2297	2298	rs2002788	rs2006087	11179799	11179800
21	2303	2304	rs1806907	rs8131346	11186097	11186098
21	2309	2318	rs575769	rs455573	14338286	14347968
21	2319	2328	rs425096	rs441819	14348096	14349824
21	2330	2331	rs10432842	rs4817278	14353218	14354407
21	2332	2333	rs9975530	rs460862	14357340	14357341
21	2335	3536	rs62221092	rs468064	14360638	14831607
21	3542	3699	rs150660971	rs35033681	14835749	14881626
21	3700	3701	rs11088676	rs71320482	14882324	14882547
21	3703	3704	rs2821906	rs8133968	14882814	14884377
21	3705	3706	rs146206451	rs151290176	14884564	14884668
21	3720	3721	rs28625159	rs138341593	14888784	14888797
21	3724	3725	rs141800519	rs9981673	14888960	14889411
21	3726	3930	rs9975312	rs7278824	14889446	14957391
21	3931	3933	rs115549246	rs575255131	14957973	14964561
21	3934	3990	rs74742559	rs9983262	14967231	15027130
21	3991	3993	rs115060481	rs62211858	15027483	15027517
21	3998	3999	rs7275964	rs7276264	15090177	15090335
21	4000	4008	rs71215248	rs370443961	15126977	15152783
21	4010	4023	rs2822080	rs117212750	15153041	15155657
21	4024	4043	rs62208755	rs77878701	15164647	15185123
21	4044	4045	rs114870571	rs199632382	15186550	15195014
21	4046	4055	rs148940078	rs183844788	15199184	15200194
21	4056	4057	rs142731963	rs117620118	15200371	15200373
21	4060	4176	rs8131993	rs61143513	15200626	15223864
21	4177	4179	rs2878253	rs2150361	15224047	15226859
21	4180	4183	rs3115481	rs3119511	15227408	15228886
21	4184	4187	rs9653762	rs9984677	15229345	15229851
21	4188	4189	rs4818646	rs3115482	15230918	15231142
21	4191	4193	rs59543768	rs9974735	15231179	15231187
21	4197	4372	rs77880550	rs57477567	15231666	15252925
21	4374	4483	rs150776032	rs4458292	15253354	15266940
21	4485	4587	rs112180970	rs191310485	15267255	15279902
21	4591	4595	rs1296992	rs400304	15280158	15280652
21	4596	4936	rs2822240	rs59271677	15280812	15342905
21	4939	4940	rs142131373	rs11911060	15345149	15345152
21	4941	4942	rs8128952	rs62208206	15345167	15345168
21	4945	5089	rs117852611	rs117287102	15345734	15386191
21	5092	5093	rs1297106	rs11701277	15386807	15386826
21	5095	5096	rs369039176	rs373162425	15386948	15386950
21	5097	5098	rs3993079	rs2896649	15387105	15387106
21	5105	5314	rs2262020	rs35290266	15388129	15448297
21	5315	5316	rs7278400	rs7281927	15448560	15448599
21	5319	5330	rs7282231	rs144788075	15448818	15450157
21	5335	5337	rs112460512	rs111898629	15451404	15451950
21	5338	5942	rs2155967	rs448172	15451958	15586680
21	5945	6444	rs79898733	rs2822550	15588798	15656688
21	6448	6454	rs1297128	rs1297125	15658127	15658830
21	6455	6458	rs1013001	rs1013000	15659254	15659494
21	6460	6801	rs78540388	rs80333726	15659615	15727418
21	6803	7050	rs2822620	rs73171326	15728574	15824709
21	7051	7069	rs9305334	rs9305343	15824732	15841092
21	7071	7074	rs73171335	rs2822675	15842224	15842296
21	7076	7105	rs79256302	rs80156388	15843475	15855466
21	7107	7129	rs2822693	rs79405331	15856974	15863599
21	7134	7163	rs116136	rs6516836	15865123	15878439
21	7165	7228	rs77241977	rs2822735	15884322	15898591
21	7230	7249	rs2822736	rs9979080	15898681	15902287
21	7250	7320	rs12482557	rs9983245	15902495	15930316
21	7321	7322	rs1882916	rs1882917	15930861	15930957
21	7324	7374	rs7282042	rs3930263	15932610	15949933
21	7377	7378	rs4817266	rs2822778	15951414	15951707
21	7379	7406	rs9305389	rs463397	15952353	15959473
21	7407	7408	rs419430	rs410429	15960048	15960091
21	7409	7435	rs62227219	rs460852	15960230	15966421
21	7436	7444	rs28649652	rs9976798	15966868	15969073
21	7445	7526	rs8129100	rs458959	15969294	16002341
21	7528	7643	rs457036	rs462074	16004402	16052654
21	7644	7657	rs2125755	rs467000	16053025	16056121
21	7658	7682	rs457165	rs460403	16056850	16066007
21	7684	7702	rs9680165	rs465785	16066867	16073352
21	7704	7706	rs8130759	rs62227274	16074524	16075431
21	7707	7823	rs35297539	rs9989937	16075612	16091343
21	7824	7952	rs460014	rs1556282	16091441	16133873
21	7953	7954	rs954826	rs2822906	16134203	16134783
21	7955	7957	rs2822907	rs2403806	16135896	16136181
21	7958	7959	rs11702007	rs11702010	16137182	16137222
21	7960	7974	rs11088152	rs9980689	16137236	16139198
21	7975	7977	rs62219668	rs79754834	16139243	16139409
21	7982	7983	rs7280295	rs2822917	16140532	16140534
21	7984	7985	rs9984409	rs4490276	16140831	16140918
21	7986	8014	rs4239790	rs7283599	16141142	16154913
21	8015	8115	rs7281572	rs55722833	16156047	16214544
21	8119	8129	rs79694962	rs79892904	16216345	16222777
21	8131	8159	rs12106334	rs2142455	16223789	16240210
21	8162	8195	rs35007911	rs34023635	16242551	16256077
21	8197	8271	rs2822972	rs2776036	16259905	16315838
21	8273	8287	rs2253363	rs142645377	16318226	16325708
21	8288	8333	rs2776040	rs118084603	16325988	16347254
21	8337	8402	rs1810403	rs76291584	16349907	16368973
21	8403	8546	rs75137511	rs9982976	16369043	16435223
21	8548	8550	rs117615752	rs78242766	16437965	16438087
21	8551	8552	rs13049809	rs2223043	16438779	16438793
21	8553	8597	rs58642793	rs78908619	16438962	16451233
21	8598	8599	rs75142972	rs2039239	16451314	16451439
21	8600	8601	rs975336	rs975337	16451845	16451854
21	8603	8611	rs996687	rs2244221	16452352	16455128
21	8612	8613	rs2142223	rs28705126	16455727	16455772
21	8614	8681	rs2823039	rs2026850	16456234	16486886
21	8688	8689	rs2026851	rs6517231	16488347	16488420
21	8690	8692	rs2823070	rs7280817	16488615	16488909
21	8694	8811	rs59808093	rs79104782	16489180	16528752
21	8812	8887	rs9974193	rs1882963	16529033	16560118
21	8888	8890	rs7275186	rs62218999	16560348	16562709
21	8891	8914	rs2823128	rs2823137	16563309	16575042
21	8915	8921	rs2823138	rs2823140	16576493	16578800
21	8922	8923	rs2823141	rs2823142	16579805	16579952
21	8924	8990	rs2823143	rs13052858	16580011	16600859
21	8991	8992	rs375057	rs396032	16601475	16601839
21	8993	9049	rs410610	rs9305574	16602359	16641226
21	9050	9061	rs8128542	rs545958139	16644197	16649384
21	9063	9074	rs2823197	rs11701699	16652529	16659888
21	9075	9077	rs4605448	rs2823206	16659905	16661170
21	9079	9139	rs2823207	rs34459806	16663004	16689350
21	9140	9141	rs4817800	rs8129151	16689605	16689782
21	9142	9150	rs2823232	rs12482629	16690298	16695456
21	9152	9212	rs28478640	rs1297253	16696415	16772982
21	9214	9281	rs2823253	rs17209200	16781136	16802554
21	9282	9360	rs1736013	rs2823290	16804330	16841303
21	9362	9407	rs12627419	rs80271204	16843157	16869023
21	9409	9410	rs12152106	rs2741972	16869920	16869936
21	9412	9492	rs141424801	rs9976607	16870787	16896389
21	9493	9511	rs2823325	rs2823337	16898309	16905800
21	9512	9682	rs2823341	rs148586810	16907757	16946134
21	9683	9686	rs11701557	rs13046179	16946241	16946652
21	9687	9741	rs58861041	rs11088469	16946881	16964337
21	9743	9745	rs13049677	rs12627597	16968210	16970846
21	9747	9802	rs2823383	rs2242859	16977568	17011441
21	9804	9852	rs9977149	rs2242872	17014200	17042097
21	9853	9885	rs9978165	rs2823452	17042573	17063570
21	9886	10234	rs2823453	rs9984651	17064201	17305780
21	10235	10236	rs448209	rs117988969	17306649	17308629
21	10238	10239	rs370081	rs1297328	17309934	17311444
21	10241	10303	rs9975916	rs9984374	17311965	17342370
21	10304	10305	rs425252	rs2823524	17342410	17343718
21	10307	10457	rs34057545	rs7281157	17345389	17409410
21	10458	10465	rs2823577	rs9979672	17410937	17413179
21	10467	10468	rs2823583	rs9636999	17416605	17416626
21	10469	10554	rs6517684	rs7277113	17418711	17519796
21	10555	10556	rs113690783	rs112714548	17521556	17522396
21	10559	10624	rs4818253	rs238948	17522844	17559890
21	10626	10748	rs171185	rs13048738	17561426	17651306
21	10749	10751	rs239048	rs12482977	17654125	17655042
21	10752	10790	rs28483187	rs62217725	17657556	17668979
21	10793	10805	rs1449516	rs6650851	17670775	17677057
21	10806	10809	rs238943	rs74918102	17679187	17687539
21	10813	10816	rs963519	rs239018	17693665	17699026
21	10817	10818	rs7278099	rs7278102	17699278	17699280
21	10819	10827	rs239019	rs79044741	17699639	17713124
21	10828	10832	rs77856616	rs184550207	17721234	17725610
21	10834	10844	rs240496	rs9974512	17727022	17737363
21	10846	10882	rs427761	rs372328	17743053	17750040
21	10884	10887	rs372691	rs9979218	17750142	17750912
21	10888	10967	rs240462	rs4818265	17752828	17772986
21	10970	10971	rs430570	rs427377	17774438	17774439
21	10972	10975	rs719216	rs240490	17774476	17774908
21	10976	11118	rs1900938	rs2823811	17775056	17823641
21	11120	11126	rs9974975	rs2823817	17824443	17827789
21	11128	11130	rs73195925	rs2039241	17827995	17828046
21	11137	11353	rs9980149	rs3803998	17832380	17958849
21	11356	11358	rs2823906	rs2823910	17977869	17984996
21	11360	11381	rs1987394	rs2211985	17994099	18001708
21	11386	11387	rs79218154	rs1158398	18002534	18002609
21	11389	11390	rs2823919	rs4239814	18003257	18003265
21	11391	11594	rs6517705	rs975530	18003512	18049540
21	11595	11596	rs7275493	rs2823968	18049996	18050085
21	11597	11602	rs7279289;rs557619502	rs2823971	18050165	18050343
21	11604	11605	rs11701434	rs371209459	18051260	18051447
21	11608	11699	rs374715449	rs377097686	18053301	18096555
21	11700	11980	rs35526923	rs2824094	18097281	18220129
21	11981	11982	rs4818287	rs2824095	18220302	18220451
21	11984	12143	rs979045	rs150107023	18221925	18279619
21	12144	12149	rs56294490	rs2824114	18280183	18282137
21	12152	12154	rs2824117	rs2824118	18284079	18284531
21	12155	12209	rs2824120	rs2824137	18285200	18294254
21	12210	12241	rs2824138	rs2039246	18294462	18302207
21	12242	12245	rs2243683	rs7282020	18303271	18304035
21	12247	12370	rs11088603	rs75469934	18305452	18350938
21	12371	12374	rs4443077	rs7275813	18351719	18353699
21	12375	12411	rs73193478	rs8129157	18356323	18373152
21	12415	12416	rs2824166	rs9979627	18377341	18378008
21	12417	12656	rs2738293	rs73200830	18378360	18457656
21	12657	12658	rs2824226	rs113093158	18457828	18460097
21	12662	13134	rs73200834	rs202856	18461180	18632299
21	13137	13140	rs2824268	rs973989	18633334	18636161
21	13142	13370	rs2824271	rs2824277	18638247	18709453
21	13371	13420	rs116081	rs206998	18709706	18733317
21	13421	13428	rs73194811	rs73194812	18734089	18734554
21	13429	13513	rs9305806	rs2824286	18735150	18766325
21	13514	13521	rs17692646	rs208875	18766540	18769871
21	13522	13568	rs208876	rs1493100	18770484	18791892
21	13570	13572	rs9978331	rs62240758	18792933	18794196
21	13574	13598	rs55828707	rs7364035	18795391	18802144
21	13600	13648	rs733951	rs62242694	18802848	18822129
21	13650	13651	rs2824311	rs6517774	18822262	18822273
21	13652	13658	rs112650045	rs76938490	18823024	18823644
21	13660	13671	rs13051669	rs1573436	18824785	18827750
21	13672	13675	rs78447267	rs75644348	18828650	18829267
21	13678	13679	rs2824317	rs2824318	18830252	18830470
21	13680	13701	rs1888406	rs2824323	18830622	18835791
21	13703	13722	rs2824324	rs77051774	18836954	18843591
21	13725	13824	rs56007464	rs79911050	18848856	18903073
21	13826	13966	rs34922462	rs211959	18903756	18950462
21	13968	13969	rs2737882	rs211961	18951008	18951018
21	13971	13973	rs145732391	rs62239946	18951728	18952575
21	13974	13996	rs2776077	rs9974720	18953150	18982629
21	13997	13998	rs75509652	rs79324455	18986062	18986063
21	14000	14102	rs928248	rs34608341	18986727	19034095
21	14103	14105	rs4818364	rs719500	19034847	19036144
21	14106	14108	rs11910541	rs11702528	19036703	19038087
21	14112	14118	rs2824430	rs142791579	19040005	19041960
21	14119	14160	rs4816762	rs77016280	19042024	19053926
21	14164	14366	rs57732730	rs62212914	19054955	19097206
21	14367	14380	rs8131156	rs9974109	19097393	19101166
21	14381	14384	rs1003656	rs2824462	19101693	19102385
21	14385	14414	rs2032289	rs243578	19105345	19131877
21	14415	14417	rs243579	rs11701775	19132614	19133254
21	14419	14421	rs28483951	rs28542969	19134765	19135351
21	14422	14450	rs2824482	rs2262266	19136114	19149659
21	14451	14452	rs171477	rs181704	19150133	19150170
21	14453	14455	rs243583	rs243585	19150803	19151940
21	14457	14539	rs12483710	rs58871846	19153743	19192909
21	14540	14541	rs7280998	rs59741394	19194251	19194700
21	14544	14666	rs243558	rs17768396	19196132	19253526
21	14667	14671	rs243612	rs2824532	19254702	19255670
21	14673	14921	rs73317662	rs150569885	19256090	19329563
21	14923	14929	rs2824575	rs2824577	19330124	19332129
21	14932	14933	rs197564	rs200799	19332843	19332852
21	14935	14936	rs200800	rs200801	19333097	19333646
21	14937	15136	rs200802	rs284829	19334090	19398382
21	15138	15143	rs285923	rs197515	19399271	19400583
21	15144	15173	rs197516	rs1394739	19400641	19413137
21	15177	15356	rs150211	rs982274	19415773	19479731
21	15360	15387	rs4818402	rs205673	19481155	19487416
21	15388	15410	rs2824630	rs73198579	19487468	19493692
21	15411	15412	rs1491785	rs1491786	19493759	19494020
21	15413	15451	rs2824638	rs73200976	19494271	19505571
21	15452	15515	rs2824645	rs77039766	19506579	19529480
21	15517	15518	rs55872814	rs2824666	19531173	19531612
21	15519	15574	rs11702737	rs2178915	19531882	19548232
21	15575	15579	rs1546827	rs58468843	19549809	19550351
21	15580	15581	rs2824683	rs8127764	19550449	19550782
21	15582	15583	rs2824684	rs9975746	19551284	19551337
21	15584	15612	rs2824685	rs2824695	19551628	19559058
21	15613	15630	rs9984966	rs73316219	19560078	19565821
21	15633	15636	rs4635606	rs2150383	19567725	19568651
21	15638	15639	rs190981438	rs146223426	19569547	19569644
21	15640	15700	rs8134103	rs9984040	19569713	19602578
21	15701	15724	rs28667141	rs60696598	19604547	19615778
21	15725	15789	rs2406172	rs113704126	19619843	19652836
21	15790	15791	rs1023126	rs1023127	19654798	19655051
21	15792	15794	rs13052044	rs8128746	19655756	19656171
21	15795	15796	rs73893049	rs11909758	19656862	19658160
21	15800	15904	rs7279594	rs59950636	19659074	19682401
21	15907	15910	rs59347826	rs73212037	19682823	19683216
21	15914	15915	rs2824730	rs7281534	19685052	19685405
21	15916	15919	rs8133003	rs117647996	19685668	19686233
21	15925	15926	rs76487230	rs79798227	19687783	19687790
21	15927	15997	rs60764030	rs13050848	19687806	19712441
21	15998	16038	rs2824751	rs13052606	19713821	19722546
21	16040	16041	rs9305864	rs9978650	19723008	19723055
21	16047	16068	rs8130490	rs2225405	19727553	19736711
21	16069	16102	rs13050461	rs2824797	19738624	19762360
21	16104	16143	rs750084	rs73196483	19762834	19784054
21	16145	16163	rs2252042	rs9974279	19784861	19790480
21	16164	16165	rs11088678	rs2824816	19790748	19791091
21	16166	16256	rs2824817	rs13046294	19793535	19819884
21	16258	16272	rs4818412	rs9984243	19820213	19824050
21	16273	16328	rs2824838	rs1735745	19824426	19858290
21	16329	16330	rs74950594	rs73198367	19859963	19860810
21	16331	16544	rs1735753	rs2406338	19861507	19929628
21	16545	16546	rs2205485	rs2205486	19930102	19930109
21	16549	16858	rs2205488	rs6517826	19930994	20058598
21	16859	16861	rs2014014	rs1041409	20059375	20059626
21	16862	16863	rs17701272	rs2824996	20059686	20059827
21	16864	17453	rs2824997	rs73212451	20060326	20197299
21	17454	17456	rs9305881	rs2825174	20197405	20198061
21	17457	17729	rs2825175	rs9637060	20199390	20250104
21	17730	17777	rs67837347	rs8132623	20250497	20278961
21	17782	17840	rs7280068	rs431499	20283948	20298397
21	17841	17842	rs58163662	rs56827417	20298677	20298735
21	17843	17846	rs9980993	rs1980960	20299396	20299996
21	17847	17949	rs419954	rs466736	20300128	20337514
21	17950	17952	rs2825240	rs11088711	20338594	20338944
21	17953	17998	rs462395	rs768537	20339501	20349514
21	18001	18002	rs376191	rs434173	20350349	20350376
21	18003	18024	rs408458	rs2825253	20351113	20357404
21	18027	18188	rs17775978	rs2825296	20359025	20404917
21	18190	18194	rs2825298	rs7281316	20406410	20407327
21	18195	18199	rs2103500	rs9978965	20407555	20407792
21	18204	18220	rs79778588	rs762005	20408917	20410294
21	18222	18595	rs8127145	rs113831391	20412631	20528773
21	18596	18597	rs7279049	rs6517858	20529137	20529767
21	18598	19024	rs73216681	rs2096797	20531260	20671384
21	19025	19088	rs1012196	rs856172	20675783	20702296
21	19092	19137	rs8130172	rs73212240	20703610	20723395
21	19140	19361	rs856164	rs79649136	20724483	20826303
21	19362	19368	rs1387616	rs10084606	20827199	20829922
21	19369	19556	rs62211247	rs12626734	20830129	20910280
21	19557	19580	rs128365	rs1489730	20912022	20921047
21	19581	19586	rs9981920	rs12626588	20921066	20921782
21	19588	19670	rs2020381	rs2211908	20922560	20938416
21	19673	19723	rs9974175	rs9980430	20940575	20960354
21	19726	19728	rs9984032	rs9305917	20961202	20961463
21	19730	19731	rs2825665	rs2825666	20961807	20961972
21	19732	19795	rs12329715	rs1079829	20962397	20974536
21	19796	19798	rs1079827	rs8131297	20974589	20975335
21	19799	19897	rs13051760	rs2825710	20975795	21022840
21	19898	19899	rs2825712	rs67323813	21023654	21023774
21	19902	19903	rs9982280	rs57439287	21024262	21024771
21	19904	19932	rs35263974	rs10854436	21024816	21037944
21	19933	20001	rs2211906	rs7280313	21039328	21056416
21	20002	20119	rs7281184	rs73203751	21056959	21087755
21	20121	20137	rs2176526	rs6517889	21088917	21096095
21	20138	20225	rs2825760	rs4818490	21098110	21126157
21	20226	20229	rs60894718	rs1518265	21126421	21127344
21	20230	20316	rs2825780	rs78573190	21127705	21167257
21	20317	20320	rs2825794	rs2825796	21167608	21168503
21	20321	20466	rs467644	rs2825857	21168899	21206794
21	20470	20471	rs2825859	rs7279545	21210527	21210548
21	20472	20473	rs7279572	rs7275702	21210594	21210605
21	20474	20475	rs2825860	rs73319863	21210822	21210855
21	20477	20481	rs9980782	rs2825863	21212232	21213926
21	20482	20483	rs12483378	rs12482944	21215985	21215986
21	20484	20531	rs11088766	rs34341614	21218981	21247916
21	20534	20535	rs73211555	rs12627305	21249470	21249973
21	20536	20606	rs75978902	rs2825877	21250145	21270319
21	20610	20611	rs62222013	rs2298512	21272630	21272834
21	20612	20744	rs2255812	rs35704071	21272853	21314845
21	20745	20912	rs61285370	rs117315635	21315652	21387417
21	20914	21005	rs56849203	rs7279915	21387930	21425894
21	21006	21008	rs1475882	rs2825976	21426335	21426535
21	21009	21400	rs2825977	rs62221275	21426885	21625899
21	21401	21414	rs13050033	rs1487931	21627030	21637605
21	21415	21416	rs928862	rs2826113	21637719	21638269
21	21417	21422	rs2826115	rs2826117	21639123	21640478
21	21423	21425	rs62221277	rs62221278	21641575	21642767
21	21428	21748	rs2826120	rs1487935	21643859	21719802
21	21751	21753	rs2826197	rs1487939	21722621	21723613
21	21755	21828	rs7283079	rs2826219	21725280	21744888
21	21830	21869	rs962495	rs6517945	21746210	21762162
21	21870	21871	rs2826222	rs2142423	21762443	21762521
21	21872	21899	rs2826223	rs13049466	21762918	21774440
21	21900	21905	rs2051271	rs2040251	21775361	21776761
21	21906	21909	rs1888414	rs12482121	21777730	21778576
21	21910	21944	rs12483617	rs2212675	21779005	21796835
21	21945	21950	rs7277454	rs7279335	21797408	21799765
21	21952	21968	rs9647215	rs28571658	21800698	21804781
21	21970	22064	rs1786353	rs57698868	21806008	21815948
21	22070	22071	rs1735886	rs2826255	21816786	21816809
21	22074	22084	rs2826258	rs8129751	21817381	21818951
21	22085	22088	rs60553890	rs61280705	21819018	21819509
21	22089	22605	rs1735884	rs8126597	21820408	21880086
21	22606	22607	rs6517970	rs8131148	21880158	21880191
21	22610	22614	rs1078014	rs73222763	21880677	21882041
21	22616	22626	rs7282419	rs56122800	21883002	21885676
21	22627	22628	rs2826341	rs928859	21885858	21886218
21	22629	22633	rs2826342	rs2187020	21889120	21890070
21	22634	22846	rs190042377	rs2826377	21890845	21917888
21	22848	22864	rs12482055	rs74983346	21918415	21923367
21	22867	22890	rs2826386	rs9636673	21925160	21936089
21	22891	22927	rs2826400	rs9979069	21938084	21953817
21	22928	22929	rs9979284	rs9976622	21954026	21954062
21	22931	22975	rs10470221	rs7279931	21955472	21975848
21	22976	22983	rs9982005	rs2128343	21976660	21978703
21	22984	23039	rs6517982	rs229406	21978865	21992124
21	23040	23067	rs229408	rs229432	21992986	22005086
21	23069	23071	rs229440	rs229442	22008568	22009500
21	23072	23081	rs229444	rs77873883	22010629	22012547
21	23082	23387	rs12482003	rs229469	22012679	22073224
21	23388	23389	rs8127915	rs8129001	22073572	22073607
21	23390	23391	rs8129266	rs74961085	22073757	22073764
21	23393	23394	rs60210880	rs59217282	22074318	22074639
21	23395	23401	rs11910513	rs74837829	22075169	22076824
21	23402	23403	rs77384293	rs117481928	22077284	22077821
21	23406	23417	rs9984696	rs67043827	22079183	22083223
21	23418	23419	rs9978233	rs34289195	22084094	22084173
21	23420	23422	rs34532633	rs2826487	22084419	22084693
21	23423	23765	rs80259181	rs2826523	22084881	22178945
21	23768	23774	rs2826524	rs2826526	22181799	22184343
21	23777	23799	rs9982618	rs13048599	22186263	22189408
21	23801	23803	rs2826540	rs2826541	22189802	22189848
21	23804	23805	rs9976735	rs9976737	22190047	22190056
21	23806	23829	rs4816834	rs73895050	22190177	22197221
21	23835	24031	rs2826548	rs67806786	22201791	22270665
21	24032	24181	rs2826600	rs77491998	22270748	22340108
21	24183	24309	rs2826625	rs73228125	22341051	22366388
21	24311	24312	rs34058918	rs35404160	22367883	22368184
21	24314	24315	rs6518017	rs4818592	22371166	22372085
21	24316	24539	rs8184921	rs62207599	22372723	22452678
21	24542	24546	rs9647219	rs8132432	22454087	22454364
21	24547	24625	rs13052170	rs8131385	22455046	22483561
21	24628	24656	rs2251296	rs2039256	22486574	22498456
21	24660	24662	rs115090797	rs2826665	22500564	22501231
21	24665	24747	rs2826667	rs12152109	22502404	22522589
21	24750	24827	rs2826713	rs4818607	22529691	22587134
21	24828	24898	rs7278295	rs7281836	22589517	22635097
21	24900	25329	rs7278909	rs2826833	22635630	22804674
21	25334	25345	rs34734540	rs7278001	22806169	22809860
21	25346	25347	rs7278024	rs2826840	22809898	22810077
21	25348	25359	rs232406	rs232413	22810750	22813520
21	25361	25362	rs2826842	rs232414	22814241	22814309
21	25363	25515	rs2826843	rs76421605	22815080	22866718
21	25520	25558	rs7275250	rs115462216	22868947	22882926
21	25560	25561	rs233783	rs233784	22883278	22883287
21	25563	25564	rs233785	rs233786	22883370	22883404
21	25567	25600	rs9808684	rs13049184	22883950	22896615
21	25604	25968	rs75537352	rs4816853	22898494	23028268
21	25969	25983	rs2826935	rs77067815	23028478	23041067
21	25984	26137	rs2826939	rs1735954	23042508	23108793
21	26140	26158	rs1735956	rs2826981	23109591	23116959
21	26159	26286	rs1735966	rs2142407	23117706	23142748
21	26287	26290	rs2827025	rs2827027	23144602	23148093
21	26291	26322	rs56234238	rs2827037	23148118	23163131
21	26323	26325	rs2827038	rs2827039	23164232	23164745
21	26327	26581	rs2827040	rs2849941	23167342	23240559
21	26583	26590	rs1574811	rs1016631	23242671	23246831
21	26592	26601	rs1783390	rs2827105	23247498	23252284
21	26603	26608	rs2827107	rs2827109	23254055	23258196
21	26609	26638	rs1740090	rs28664999	23258743	23271132
21	26639	26640	rs9974920	rs7283644	23271671	23271733
21	26645	26667	rs141463651	rs56145921	23272429	23275768
21	26670	26781	rs1892781	rs8128017	23277448	23321717
21	26785	26787	rs2827150	rs7282826	23323887	23324584
21	26788	26911	rs74492771	rs2827190	23324781	23361666
21	26912	26916	rs2827191	rs13046860	23361798	23362412
21	26917	26920	rs34592229	rs7364072	23362539	23362674
21	26921	26946	rs9974919	rs6518128	23363841	23372112
21	26948	27024	rs1892780	rs68045189	23392840	23504854
21	27027	27117	rs9983727	rs28541717	23505652	23559881
21	27119	27121	rs113600866	rs113269548	23560207	23560290
21	27122	27123	rs2827272	rs2000551	23561359	23562374
21	27125	27139	rs10482925	rs10222061	23563967	23568848
21	27140	27141	rs12626302	rs2096729	23569654	23570636
21	27142	27257	rs10470235	rs2827311	23571308	23630823
21	27258	27259	rs62210127	rs2827312	23631005	23631676
21	27261	27275	rs2827313	rs2827315	23633248	23637512
21	27277	27309	rs9977823	rs73225800	23640122	23649010
21	27310	27311	rs17004151	rs2244010	23649847	23650356
21	27314	27746	rs35803203	rs13052537	23652042	23792494
21	27747	27768	rs13048971	rs13048453	23792544	23806619
21	27769	27781	rs17600315	rs73221986	23809261	23815779
21	27782	27806	rs2827524	rs2827535	23816139	23827808
21	27808	27863	rs34953833	rs9978353	23828558	23862259
21	27865	28171	rs1827308	rs9979881	23866038	23984543
21	28173	28215	rs9977882	rs1849583	23986788	24006766
21	28216	28289	rs1849582	rs762383	24007772	24050128
21	28290	28293	rs35603308	rs4818699	24051362	24053905
21	28295	28337	rs11909431	rs62211036	24056148	24092604
21	28340	28341	rs28517560	rs28366882	24117905	24117906
21	28342	28343	rs28461721	rs28727309	24117920	24117921
21	28344	28352	rs116819038	rs2827709	24118052	24156934
21	28353	28543	rs1513737	rs2827743	24166144	24216399
21	28546	28553	rs76409856	rs1349093	24224714	24248766
21	28554	28599	rs243273	rs244141	24250769	24272658
21	28600	28620	rs55722659	rs244148	24273272	24281720
21	28621	28753	rs244149	rs56697615	24282615	24355751
21	28755	29017	rs244199	rs169138	24356704	24431707
21	29018	29037	rs62208533	rs374008	24431780	24437581
21	29038	29231	rs78158900	rs7509992	24437958	24487505
21	29232	29233	rs2827875	rs9977616	24488079	24488630
21	29235	29692	rs73330109	rs1380324	24489032	24628113
21	29695	29697	rs2827998	rs575435364	24629156	24630028
21	29698	29759	rs1893648	rs7280410	24630555	24664034
21	29760	29903	rs8128601	rs149883251	24665076	24695658
21	29907	30022	rs2828065	rs200690	24696533	24740573
21	30024	30077	rs11909633	rs60488573	24741157	24761322
21	30080	30081	rs11910455	rs59649267	24763852	24764098
21	30082	30084	rs13049406	rs13049097	24764188	24764196
21	30088	30264	rs9981171	rs2408673	24767652	24807411
21	30265	30275	rs9789908	rs200705	24807424	24809444
21	30278	30393	rs200706	rs1783264	24810187	24830656
21	30394	30396	rs1699995	rs1783262	24830689	24831066
21	30397	30550	rs2828169	rs4816214	24831180	24897159
21	30554	30587	rs7275598	rs2828233	24899127	24909647
21	30588	30691	rs2828234	rs7283400	24909662	24937141
21	30692	30693	rs34751023	rs36065282	24937331	24937367
21	30694	30738	rs11087878	rs975447	24937681	24965974
21	30740	31052	rs62220288	rs72631998	24967208	25052758
21	31053	31054	rs62220361	rs73232610	25053233	25053387
21	31055	31134	rs2828422	rs73897494	25053918	25090216
21	31139	31202	rs35431741	rs117016651	25092756	25106099
21	31206	31381	rs12483049	rs8133421	25107219	25144575
21	31382	31386	rs78201830	rs207537	25144653	25145524
21	31387	31485	rs9305194	rs13052632	25145691	25173854
21	31488	31494	rs35766741	rs1995600	25175468	25178145
21	31495	31497	rs207510	rs207511	25178702	25179250
21	31498	31600	rs146514441	rs76888086	25179298	25218789
21	31601	31602	rs8129314	rs7277201	25219154	25219396
21	31605	31682	rs207541	rs146871098	25220512	25246316
21	31683	31693	rs9980644	rs2828578	25247908	25253339
21	31694	31741	rs58411952	rs9974962	25258015	25302900
21	31744	31751	rs8132822	rs2828636	25304662	25307858
21	31753	31805	rs2408822	rs9984013	25310357	25326776
21	31806	31811	rs4816921	rs73339769	25328443	25331700
21	31812	31813	rs2828654	rs2828655	25333034	25333108
21	31814	31815	rs75928035	rs75165432	25333458	25333463
21	31818	31839	rs75158334	rs2096579	25334207	25337895
21	31840	31954	rs4816924	rs928794	25338333	25382976
21	31955	31959	rs9979455	rs2828699	25383182	25383832
21	31961	32284	rs9983497	rs2828785	25384229	25437505
21	32285	32799	rs1783316	rs1783372	25437902	25505164
21	32802	32811	rs1699627	rs62216887	25506453	25508463
21	32812	33168	rs13046292	rs2134874	25508515	25585640
21	33172	33174	rs73140925	rs1783315	25587344	25587445
21	33175	33176	rs62216924	rs73140927	25587791	25587960
21	33178	33661	rs62216925	rs62215664	25588726	25776642
21	33662	33670	rs9984757	rs11909846	25777621	25781028
21	33671	33743	rs2844308	rs2829078	25781151	25807198
21	33744	33745	rs4816958	rs2829079	25808101	25808194
21	33746	34057	rs76464759	rs73141650	25808751	25880589
21	34061	34116	rs2829149	rs77872359	25882228	25899516
21	34117	34119	rs2408970	rs1543761	25899581	25900292
21	34121	34123	rs2829154	rs13433525	25900746	25901024
21	34124	34244	rs12151981	rs2154730	25901305	25939428
21	34247	34309	rs8126987	rs2829187	25941083	25963403
21	34312	34437	rs2829188	rs73341558	25964614	26008738
21	34439	34440	rs7281033	rs7348963	26008971	26009441
21	34442	34443	rs2829211	rs12482671	26011081	26011334
21	34444	34487	rs71331640	rs2829232	26011590	26026296
21	34488	34497	rs6516627	rs2252966	26027339	26029954
21	34499	34504	rs2829235	rs9978636	26031868	26033114
21	34505	34512	rs2829238	rs9976287	26033956	26035372
21	34514	34516	rs2829241	rs2829242	26035774	26036047
21	34517	34567	rs17561701	rs2829258	26036083	26059118
21	34569	34717	rs80057019	rs2829290	26060135	26087742
21	34721	34727	rs2829293	rs2829296	26091090	26094076
21	34728	34982	rs2829297	rs4816988	26094459	26170594
21	34983	34984	rs2829375	rs2829376	26171213	26171321
21	34985	34989	rs2829377	rs2829382	26171604	26172849
21	34990	35023	rs2829385	rs2829407	26173210	26189298
21	35024	35036	rs2829408	rs1009927	26189335	26194994
21	35037	35575	rs79455113	rs28498360	26195258	26467858
21	35578	35619	rs4817001	rs2829553	26474599	26507367
21	35621	35899	rs1475846	rs8131203	26509728	26635573
21	35900	36139	rs2829674	rs13052075	26635799	26768298
21	36140	36210	rs11910463	rs2829752	26768672	26830041
21	36211	36316	rs2829753	rs928882	26830290	26885124
21	36318	36716	rs2154470	rs9981246	26887427	27043972
21	36717	36718	rs57503516	rs80018083	27043998	27044467
21	36719	36722	rs2829856	rs8128619	27045967	27046719
21	36726	36727	rs28507219	rs9979479	27047662	27048317
21	36728	36961	rs60382406	rs2409151	27048459	27176733
21	36964	36966	rs28542132	rs9978260	27177936	27178196
21	36967	37150	rs2829914	rs2829952	27178550	27227998
21	37152	37154	rs9808748	rs73170786	27230671	27231621
21	37155	37265	rs2040273	rs9976425	27232198	27267546
21	37269	37353	rs150707803	rs399330	27272609	27329269
21	37355	37465	rs2186301	rs3787637	27330507	27371667
21	37466	37531	rs45538740	rs12626595	27373087	27403891
21	37533	37536	rs11911571	rs7281234	27405299	27406763
21	37539	37555	rs768039	rs2830025	27408020	27422395
21	37556	37558	rs2830026	rs6516719	27423131	27425323
21	37559	37560	rs2830027	rs9982732	27425859	27426823
21	37563	37628	rs2830029	rs8130594	27427592	27462777
21	37629	37631	rs2830050	rs2830052	27464270	27465597
21	37632	37830	rs77830735	rs2830100	27465715	27533329
21	37831	37991	rs400154	rs465271	27533922	27585741
21	37993	37995	rs466472	rs458408	27587969	27588541
21	37996	38053	rs464509	rs468076	27588835	27613703
21	38055	38195	rs468312	rs80131796	27613841	27648262
21	38196	38200	rs469079	rs467553	27648492	27651314
21	38201	38253	rs12483315	rs9981761	27651816	27672391
21	38255	38431	rs34420589	rs2830191	27673968	27742887
21	38433	38444	rs1478101	rs2830193	27743561	27749876
21	38445	38506	rs219712	rs183407	27751176	27777181
21	38507	38508	rs2830199	rs2830200	27777617	27777778
21	38509	38510	rs2830201	rs2830202	27777822	27777846
21	38513	38556	rs113486061	rs60555964	27779544	27794139
21	38560	38584	rs219703	rs219667	27796390	27810464
21	38589	38608	rs113947904	rs2830231	27812234	27819598
21	38610	38611	rs219649	rs150755	27824285	27824651
21	38612	38613	rs219650	rs219651	27825358	27825875
21	38614	38652	rs219653	rs9977164	27826423	27841289
21	38653	38656	rs219644	rs219646	27841638	27844833
21	38661	38662	rs71317470	rs219648	27846053	27846116
21	38663	38734	rs117420635	rs222160	27846438	27872969
21	38737	38744	rs979343	rs12627243	27875592	27877118
21	38747	38748	rs2830266	rs222972	27878500	27878577
21	38750	38751	rs222974	rs222975	27879342	27879388
21	38752	38834	rs222976	rs56270247	27880002	27916378
21	38836	39213	rs59286515	rs366384	27917644	28024225
21	39214	39215	rs465600	rs465318	28024697	28025273
21	39216	39502	rs4172	rs2830439	28025461	28093730
21	39503	39506	rs9980411	rs7280762	28094355	28094746
21	39509	39522	rs2830441	rs8127851	28095992	28104547
21	39524	39634	rs2105732	rs7276338	28105817	28146668
21	39635	39695	rs10679562	rs2830531	28147511	28168090
21	39696	39700	rs2830533	rs2830537	28168246	28169135
21	39701	39703	rs455633	rs464273	28170786	28171592
21	39704	39817	rs457752	rs73185844	28171749	28204920
21	39820	39821	rs467679	rs468721	28205640	28205789
21	39822	39823	rs469576	rs28412951	28206883	28207155
21	39832	39859	rs229042	rs390955	28210657	28218457
21	39861	39864	rs1444274	rs1475585	28220167	28221081
21	39866	40068	rs75498127	rs162538	28221416	28275461
21	40069	40077	rs162537	rs162531	28276542	28278644
21	40078	40148	rs162530	rs151065	28278679	28296324
21	40149	40150	rs3746839	rs17653989	28296389	28297239
21	40152	40249	rs229079	rs233598	28298049	28330838
21	40252	40429	rs162502	rs7283042	28333006	28387923
21	40440	40556	rs233605	rs12626439	28390908	28415350
21	40559	40566	rs600552	rs633502	28416315	28419053
21	40567	40688	rs7276018	rs2830662	28419739	28447059
21	40689	40701	rs77565703	rs12627643	28448619	28451439
21	40702	40733	rs11088018	rs8133395	28451497	28459506
21	40735	40792	rs77504592	rs10482983	28459896	28472800
21	40793	40798	rs10222076	rs2830691	28473472	28474335
21	40799	40805	rs4817153	rs8129454	28474340	28474968
21	40806	40920	rs62222959	rs1571664	28475380	28504153
21	40922	40924	rs2212825	rs448721	28504649	28505112
21	40925	40927	rs403417	rs977120	28505165	28505328
21	40928	41007	rs34055127	rs2830732	28505636	28532519
21	41008	41109	rs62221606	rs235949	28534224	28562983
21	41110	41113	rs235950	rs9636577	28563076	28563631
21	41115	41116	rs2830759	rs2830760	28564275	28564326
21	41117	41215	rs56974434	rs9976159	28564932	28582897
21	41218	41255	rs2830783	rs928270	28584349	28617720
21	41258	41306	rs13049191	rs2830819	28622043	28631156
21	41309	41310	rs235925	rs235926	28632360	28632392
21	41311	41334	rs171008	rs2156292	28632409	28649962
21	41335	41557	rs459294	rs463068	28650405	28711851
21	41558	41559	rs2830853	rs400970	28712109	28712208
21	41564	41565	rs9974765	rs2830856	28712788	28712814
21	41567	41858	rs9978024	rs239652	28713216	28793658
21	41859	41861	rs12329837	rs239650	28793871	28794685
21	41862	41959	rs239649	rs239627	28795375	28820424
21	41961	41963	rs73177996	rs73177997	28820950	28821061
21	41966	41981	rs2830952	rs8132630	28821893	28827383
21	41982	41984	rs242326	rs1970051	28827690	28828060
21	41985	42025	rs4239787	rs13050776	28828675	28843598
21	42026	42068	rs13047819	rs66921363	28844493	28866669
21	42069	42160	rs2199003	rs1673920	28867309	28929393
21	42162	42163	rs1379660	rs1379661	28929855	28929958
21	42164	42167	rs76336749	rs2831000	28930634	28931810
21	42170	42261	rs242319	rs2054202	28932683	28958436
21	42262	42265	rs7280261	rs9975163	28960496	28962313
21	42266	42359	rs2831024	rs7282913	28963022	28989487
21	42361	42389	rs446651	rs11088038	28989634	29002273
21	42390	42400	rs13053017	rs2248094	29002882	29008712
21	42402	42403	rs6516770	rs6516771	29009619	29009642
21	42407	42744	rs73384054	rs28438999	29011318	29124321
21	42750	42751	rs10854303	rs1431357	29126637	29126908
21	42752	42753	rs243718	rs593012	29127524	29128813
21	42756	42766	rs41491048	rs243722	29128955	29135496
21	42777	42875	rs12483170	rs1653110	29140481	29195111
21	42876	42878	rs73185490	rs73185492	29195242	29196227
21	42879	42881	rs243643	rs243644	29197192	29197926
21	42882	43126	rs183612	rs9975542	29198453	29285000
21	43127	43128	rs9978508	rs4817196	29285293	29285295
21	43133	43135	rs55658622	rs9981206	29286253	29286351
21	43136	43141	rs28782567	rs112289048	29289402	29290332
21	43144	43595	rs7279244	rs7277218	29291444	29416172
21	43596	43603	rs7279552	rs2257412	29416934	29421267
21	43607	43609	rs139464356	rs3875283	29422445	29422506
21	43610	43690	rs4817211	rs2007503	29422978	29447121
21	43694	43714	rs2831463	rs2831474	29448732	29451723
21	43715	43725	rs2831475	rs73395816	29452345	29466319
21	43727	43728	rs12152087	rs7284017	29468859	29468904
21	43729	43732	rs8130790	rs8130824	29469449	29469577
21	43733	43797	rs2831483	rs8134220	29470054	29482590
21	43798	43971	rs1015106	rs2831537	29483287	29516376
21	43974	44013	rs1883819	rs2831576	29521741	29537916
21	44014	44017	rs2831580	rs2831583	29538174	29538680
21	44018	44019	rs4616556	rs992087	29538983	29540412
21	44020	44445	rs1997831	rs1236409	29542794	29726864
21	44447	44733	rs1738128	rs78935363	29727547	29803231
21	44735	44736	rs2250911	rs2250997	29803555	29803601
21	44739	45188	rs551652362	rs2831907	29804699	29954875
21	45190	45205	rs2831909	rs2831915	29955973	29960373
21	45206	45284	rs2831916	rs9980892	29960728	29990920
21	45289	46409	rs144058507	rs62222372	29994743	30409879
21	46413	46421	rs2832157	rs56404428	30415629	30425212
21	46424	46425	rs11088107	rs35416285	30431103	30431144
21	46427	46428	rs1064019	rs965951	30432145	30432557
21	46429	46947	rs2832158	rs74313696	30432616	30731498
21	46948	46972	rs8129076	rs8132992	30732953	30750561
21	46973	46982	rs2832304	rs7281254	30752554	30787967
21	46984	46985	rs9978317	rs201596401	30794440	30794469
21	46987	47034	rs73195637	rs8132309	30797387	30845873
21	47037	47040	rs114373897	rs7275862	30850627	30857214
21	47042	47135	rs2832358	rs2248989	30863926	30943987
21	47137	47162	rs9985106	rs363456	30957912	30975332
21	47164	47206	rs6516923	rs2832415	30977399	30996163
21	47208	47284	rs56273443	rs363517	30998255	31041619
21	47285	47300	rs363516	rs363512	31042500	31050817
21	47301	47305	rs2268208	rs7280710	31051586	31057395
21	47306	47371	rs363539	rs404158	31060280	31118355
21	47375	47391	rs413057	rs467407	31127563	31132797
21	47393	47541	rs76739530	rs9980984	31133248	31196387
21	47542	47543	rs463954	rs464028	31196423	31196616
21	47546	47592	rs2832447	rs464144	31197963	31210998
21	47593	47734	rs80002580	rs448712	31212017	31260459
21	47735	47736	rs112500710	rs2832474	31260631	31261117
21	47737	47934	rs455370	rs2832515	31261806	31367915
21	47936	47939	rs2832516	rs8127522	31370611	31375263
21	47940	48333	rs35767297	rs559599	31375582	31488234
21	48335	48492	rs116667782	rs478203	31490482	31547989
21	48494	49157	rs1943960	rs2186556	31551591	31753219
21	49160	49161	rs4816361	rs4816362	31753840	31753853
21	49166	49655	rs2409371	rs2154569	31755570	32033429
21	49656	49660	rs2832973	rs4817348	32034536	32036914
21	49661	50167	rs1507395	rs2252751	32036980	32203274
21	50169	50178	rs5843472	rs2833124	32207832	32214655
21	50181	50182	rs7275199	rs7283316	32216231	32216253
21	50184	50301	rs4817359	rs2226379	32217530	32258219
21	50303	50346	rs2833147	rs8133263	32259814	32287972
21	50350	50352	rs2833159	rs2833160	32289174	32289793
21	50355	50356	rs2833161	rs78792999	32290396	32290467
21	50357	50360	rs115833324	rs376628303	32290761	32291284
21	50361	50609	rs1892669	rs2154572	32291501	32370705
21	50610	50623	rs7280289	rs9636597	32372069	32379379
21	50624	50628	rs550760989	rs7281009	32379496	32381039
21	50629	50636	rs7280222	rs78756179	32381162	32388596
21	50637	50670	rs72613607	rs12626660	32389185	32401447
21	50671	50787	rs2833196	rs2409404	32402291	32454800
21	50788	50794	rs6516999	rs9305447	32455431	32456658
21	50797	50812	rs9980482	rs9983721	32458170	32461236
21	50813	50839	rs9983983	rs6517006	32461455	32471121
21	50840	50866	rs11701477	rs2833272	32471849	32487917
21	50867	50869	rs2833273	rs113148638	32487977	32488969
21	50870	50881	rs9636847	rs2255507	32488991	32495866
21	50883	50944	rs2073373	rs8131976	32497632	32523782
21	50946	50954	rs13048901	rs2833307	32524444	32526841
21	50955	50956	rs2833308	rs2833309	32526915	32527137
21	50958	51053	rs2248656	rs2252415	32528960	32609908
21	51054	51109	rs2833348	rs2254919	32613852	32666326
21	51113	51115	rs373904432	rs112106218	32667567	32667578
21	51116	51119	rs4817392	rs1977904	32667592	32667896
21	51123	51125	rs2300351	rs1034314	32669881	32670434
21	51129	51261	rs75299695	rs1041743	32672692	32725899
21	51262	51264	rs2243936	rs55764099	32727161	32727734
21	51265	51290	rs11088169	rs9984499	32727984	32741108
21	51291	51292	rs845689	rs845690	32741275	32741292
21	51293	51294	rs546078	rs550522	32741383	32741821
21	51296	51297	rs569008	rs490777	32743302	32744501
21	51300	51374	rs560280	rs1953345	32745733	32766359
21	51377	51384	rs80335883	rs200313183	32771402	32776809
21	51386	51444	rs12627565	rs13048773	32778127	32794956
21	51445	51465	rs76200936	rs74910411	32798372	32810132
21	51466	51467	rs56933667	rs56171732	32810649	32810833
21	51470	51473	rs2284513	rs2184544	32811251	32812725
21	51476	51624	rs743415	rs34386255	32816448	32860389
21	51625	51767	rs9980389	rs8134514	32861168	32923870
21	51768	51771	rs62222875	rs6517046	32924009	32926897
21	51772	51778	rs933123	rs62222902	32929573	32932131
21	51779	51969	rs2070419	rs13051851	32933024	32991272
21	51970	51975	rs4817415	rs4817416	32991661	32992573
21	51976	51983	rs4817417	rs73199584	32992905	32995716
21	51984	52118	rs13048238	rs8133369	32997155	33132918
21	52120	52383	rs204739	rs55679293	33134182	33231708
21	52384	52385	rs77790727	rs12481924	33233084	33233087
21	52386	52446	rs2105520	rs7277651	33233377	33246455
21	52448	52521	rs3787686	rs11700517	33247585	33273542
21	52523	52524	rs2833551	rs75567074	33275860	33275927
21	52526	52655	rs8133728	rs67780021	33279311	33320025
21	52656	52663	rs76929906	rs2833572	33321258	33322944
21	52665	52668	rs2833574	rs9979670	33324547	33325825
21	52670	52671	rs2833577	rs7275780	33326781	33327096
21	52672	52680	rs7275454	rs10483010	33327381	33331584
21	52684	52729	rs60148069	rs9984004	33332589	33351721
21	52731	52732	rs35257551	rs34836274	33352064	33352093
21	52733	52734	rs13046265	rs141474481	33352541	33352616
21	52735	52736	rs2186268	rs13049176	33352617	33352625
21	52737	52748	rs12710416	rs11700534	33352852	33356269
21	52750	52751	rs11700622	rs79969234	33356500	33356793
21	52752	52831	rs762214	rs9974808	33357488	33385768
21	52832	52833	rs67809144	rs2409428	33385804	33385897
21	52836	52842	rs9975426	rs2833612	33386402	33388531
21	52844	52916	rs11702090	rs2833623	33389679	33420792
21	52917	52945	rs11909628	rs11911030	33421860	33427584
21	52947	52972	rs9984312	rs2833635	33428049	33434580
21	52973	52974	rs9978752	rs8128329	33435232	33435472
21	52975	53008	rs73195459	rs541937954	33436681	33443827
21	53009	53043	rs77166591	rs7276078	33444140	33453964
21	53044	53045	rs2833647	rs2211679	33454801	33455099
21	53046	53048	rs79323515	rs2409434	33455653	33456290
21	53049	53067	rs62214195	rs2000452	33457334	33468352
21	53068	53111	rs2833652	rs78976854	33470630	33482131
21	53114	53145	rs734988	rs11700886	33483827	33501144
21	53146	53203	rs8129881	rs62214233	33502420	33528562
21	53204	53231	rs17560508	rs75481604	33529709	33537991
21	53235	53237	rs77798427	rs113648089	33538550	33538943
21	53238	53251	rs2051187	rs2409447	33539328	33545490
21	53253	53466	rs28407280	rs77190402	33546827	33604438
21	53470	53478	rs2833739	rs2032105	33609155	33615614
21	53479	53482	rs11702113	rs2833743	33619116	33621558
21	53483	53496	rs2833744	rs144379606	33622504	33627930
21	53497	53544	rs56266728	rs11701194	33627980	33663130
21	53545	53554	rs12482323	rs2833756	33663542	33670344
21	53557	53761	rs2254251	rs9979834	33671479	33773245
21	53762	53777	rs9975129	rs58716172	33774784	33778856
21	53778	53802	rs2833799	rs55654110	33779068	33783787
21	53806	53812	rs8134043	rs58793912	33786483	33790861
21	53813	53930	rs56253570	rs55878843	33791873	33830006
21	53931	53991	rs7276260	rs2833845	33830790	33849335
21	53992	54027	rs8132953	rs2096458	33851424	33867280
21	54028	54039	rs6517101	rs114820853	33868483	33876041
21	54040	54041	rs7275591	rs7278523	33876502	33876659
21	54043	54097	rs2833856	rs113962398	33877691	33895682
21	54098	54278	rs73194204	rs2009886	33897487	33960467
21	54279	54283	rs7509764	rs28397651	33960690	33962568
21	54285	54366	rs7284048	rs113131388	33964537	33992844
21	54367	54368	rs7278846	rs2006852	33993539	33994187
21	54370	54371	rs845008	rs845009	33994734	33995034
21	54372	54521	rs62214738	rs12627178	33995471	34138237
21	54522	54526	rs76550659	rs77568761	34140708	34143039
21	54528	54553	rs11910271	rs2833952	34144545	34155237
21	54554	54611	rs9978685	rs8129488	34156409	34182722
21	54613	54644	rs6517109	rs6517111	34183884	34203121
21	54645	54650	rs6517112	rs11702454	34203282	34208942
21	54651	54669	rs11702455	rs11088232	34208945	34220160
21	54670	54805	rs2833979	rs7280936	34220611	34299695
21	54811	54824	rs2014283	rs11702172	34303985	34308743
21	54825	54829	rs8134589	rs2834017	34309113	34314336
21	54830	54836	rs2834018	rs73198446	34314478	34316107
21	54839	54875	rs2834020	rs10211937	34317077	34335235
21	54877	54879	rs9982681	rs73200415	34339333	34340312
21	54880	54885	rs762232	rs2834036	34341413	34344133
21	54886	54898	rs2180	rs2409468	34344279	34348879
21	54900	54901	rs2250685	rs2834040	34351218	34351348
21	54902	54933	rs6517124	rs2834051	34352692	34359600
21	54935	55021	rs10048874	rs4816442	34360188	34376145
21	55022	55023	rs79742301	rs2834061	34376326	34376382
21	55026	55031	rs2834062	rs762236	34377485	34379624
21	55032	55082	rs2834065	rs6517137	34379700	34400779
21	55089	55095	rs62216116	rs16990069	34403770	34405935
21	55096	55150	rs13051692	rs4817520	34406013	34431370
21	55152	55153	rs2834080	rs61618270	34432290	34432433
21	55154	55165	rs2834081	rs56058208	34432792	34441698
21	55166	55169	rs762180	rs80279707	34443781	34446577
21	55171	55260	rs13048654	rs4817534	34449397	34484978
21	55262	55297	rs35328365	rs2834093	34486062	34500558
21	55298	55301	rs2834094	rs11700745	34501127	34501654
21	55303	55312	rs62226094	rs8132254	34503182	34509155
21	55313	55314	rs11702745	rs8132490	34509932	34510766
21	55321	55366	rs4817537	rs7279992	34512979	34522753
21	55367	55404	rs71323356	rs56309733	34523798	34533211
21	55406	55419	rs2834116	rs2834120	34535415	34543689
21	55420	55459	rs77224013	rs2834130	34543845	34553967
21	55462	55519	rs2026255	rs16990298	34555150	34570226
21	55520	55611	rs2834135	rs2834153	34571716	34588494
21	55612	55744	rs73360244	rs541170665	34588872	34639819
21	55746	55751	rs2834167	rs2843986	34640788	34647530
21	55752	55759	rs962859	rs2510317	34648123	34649941
21	55760	55761	rs2834168	rs2834169	34650791	34650849
21	55762	55812	rs8178484	rs2186279	34651253	34664968
21	55814	56052	rs999261	rs2409489	34666160	34742617
21	56053	56054	rs17711780	rs62226373	34744239	34744902
21	56055	56056	rs9974246	rs2834207	34745856	34746477
21	56057	56475	rs10470090	rs368035204	34748357	35052997
21	56477	56486	rs2834247	rs62227746	35056729	35073340
21	56487	56490	rs573504706	rs369162824	35074412	35074419
21	56493	56509	rs75896753	rs34240356	35083957	35121808
21	56511	56523	rs58777735	rs7282718	35121981	35135940
21	56525	56536	rs2248815	rs2834261	35138326	35160180
21	56539	56558	rs1892588	rs9979863	35161141	35171841
21	56564	56593	rs62227755	rs62228974	35178056	35203994
21	56594	56595	rs12483144	rs12483079	35205653	35206028
21	56600	56608	rs4817596	rs2409500	35218517	35221667
21	56609	56610	rs11911181	rs1537098	35223783	35224370
21	56618	56637	rs2834280	rs16990975	35228502	35232200
21	56638	56641	rs2268256	rs13047166	35232960	35233984
21	56642	56702	rs13047391	rs7282518	35234122	35255539
21	56704	56809	rs2073370	rs62226675	35260481	35306141
21	56811	56842	rs78143111	rs16991056	35307148	35318454
21	56848	56910	rs75912728	rs4817603	35322058	35346410
21	56911	56914	rs73207638	rs743417	35346720	35347960
21	56915	56916	rs743418	rs743419	35348500	35348725
21	56917	56918	rs1034332	rs2834312	35349285	35349371
21	56922	56946	rs9977699	rs4817607	35350902	35355708
21	56947	56948	rs34837130	rs17730050	35355769	35355940
21	56952	56955	rs7278695	rs4817608	35356934	35357169
21	56957	56970	rs111067049	rs2834323	35357669	35359935
21	56971	56973	rs2834324	rs9978794	35360143	35360291
21	56975	56976	rs2834325	rs13052018	35360335	35360372
21	56978	57014	rs7277031	rs7282650	35361764	35376880
21	57016	57100	rs62228164	rs13046024	35377888	35406378
21	57103	57149	rs2834358	rs35415894	35407481	35425944
21	57150	57179	rs2154703	rs79607614	35426801	35446136
21	57180	57533	rs13052524	rs374203433	35447914	35590542
21	57538	57563	rs6517219	rs4817628	35596002	35604954
21	57565	57568	rs9977419	rs8131284	35606199	35607496
21	57570	57571	rs2211691	rs12483599	35609354	35610601
21	57572	57574	rs16991374	rs117436557	35611109	35611339
21	57575	57649	rs12482595	rs2009879	35611773	35653304
21	57650	57699	rs762158	rs7282881	35653670	35679780
21	57706	57789	rs1018758	rs7278203	35683223	35723576
21	57796	57797	rs7283334	rs11702479	35725651	35725729
21	57798	57829	rs2834465	rs11702830	35726754	35738971
21	57833	57834	rs9984281	rs9305548	35741856	35742722
21	57835	57844	rs73355797	rs538859091	35763034	35769526
21	57845	57847	rs112782043	rs115614622	35770960	35770969
21	57848	57858	rs9981737	rs9979712	35771284	35774201
21	57859	57945	rs9979709	rs58060663	35774233	35815455
21	57946	57964	rs6517228	rs2236609	35816705	35822111
21	57965	57966	rs2070358	rs55857049	35822270	35822368
21	57969	57977	rs11088283	rs1012944	35823779	35825266
21	57979	58064	rs4817651	rs13048457	35825662	35852048
21	58067	58097	rs6517233	rs58627004	35853628	35860886
21	58098	58100	rs58518943	rs76272713	35860944	35861241
21	58102	58103	rs11088286	rs6517236	35863331	35863390
21	58104	58137	rs62211548	rs2834501	35863423	35883085
21	58139	58175	rs41315471	rs77382564	35883490	35898613
21	58177	58448	rs8129861	rs1984303	35898845	35939284
21	58455	58645	rs9636883	rs4817686	35941558	36000801
21	58646	58663	rs12626835	rs11702287	36000893	36010660
21	58665	58666	rs2070439	rs2070440	36011213	36011689
21	58668	58784	rs59971892	rs11702251	36012561	36081448
21	58787	58788	rs58668017	rs59160867	36083217	36083229
21	58789	58803	rs12329815	rs9974620	36083746	36097794
21	58804	58825	rs11088294	rs2246640	36098343	36118272
21	58827	58852	rs2834619	rs1981390	36119352	36125233
21	58853	58894	rs1981391	rs2268276	36125530	36181014
21	58895	58900	rs2268277	rs2834644	36182049	36186747
21	58902	58903	rs2253313	rs2253319	36187900	36188046
21	58905	58952	rs1003314	rs12483501	36191646	36224276
21	58956	58978	rs8127581	rs2268290	36227745	36236516
21	58979	58984	rs11088296	rs11701104	36237546	36238517
21	58985	58988	rs2252585	rs2268294	36241929	36243258
21	58991	59056	rs2300395	rs7364037	36245198	36276892
21	59063	59130	rs34902592	rs2834701	36282225	36337654
21	59131	59132	rs11088300	rs11701453	36338848	36338916
21	59134	59135	rs58144960	rs7278199	36339522	36339532
21	59136	59158	rs2834702	rs72613618	36340396	36352840
21	59160	59205	rs2834714	rs59390681	36357352	36367089
21	59206	59238	rs9636888	rs2834725	36367434	36378874
21	59239	59247	rs11700551	rs2834730	36379871	36382552
21	59249	59282	rs9984871	rs2236431	36383602	36413739
21	59285	59363	rs7280028	rs117634300	36416840	36465633
21	59364	59373	rs2834757	rs2834759	36467070	36470269
21	59374	59408	rs2834760	rs2834771	36470574	36482059
21	59413	59464	rs8133139	rs2007324	36484440	36508031
21	59466	59486	rs9974444	rs12626430	36510444	36522993
21	59487	59491	rs2834804	rs4817703	36524140	36527100
21	59493	59586	rs2834806	rs1977041	36527223	36559638
21	59588	59590	rs2834823	rs2834824	36560667	36561074
21	59592	59692	rs12483023	rs57362853	36561598	36596595
21	59693	59699	rs8133443	rs1883068	36597193	36598284
21	59703	59704	rs6517285	rs76498878	36600607	36601856
21	59705	59818	rs6517286	rs9305565	36601960	36665202
21	59820	59822	rs2834882	rs2834884	36666340	36666508
21	59823	59824	rs2242712	rs2242713	36666660	36666668
21	59825	59898	rs10427505	rs2834902	36667624	36688528
21	59903	59989	rs13048344	rs9968005	36690392	36744959
21	59990	59991	rs2242725	rs66971505	36746014	36746634
21	59992	60119	rs4507181	rs2142102	36748497	36821126
21	60123	60144	rs7282237	rs62217084	36824423	36843100
21	60145	60195	rs34810642	rs2834953	36844212	36883094
21	60196	60197	rs1003262	rs398718	36883135	36885917
21	60198	60688	rs58651	rs1537101	36886738	37059511
21	60689	60690	rs2242766	rs9983349	37059701	37059706
21	60691	60843	rs2835086	rs13047820	37060294	37138824
21	60848	60850	rs4816515	rs2178800	37146881	37153022
21	60851	60852	rs1003474	rs433074	37155072	37155661
21	60860	60861	rs461894	rs112475	37170945	37171650
21	60862	60865	rs399387	rs465060	37179428	37186841
21	60866	60902	rs440149	rs2091855	37188860	37210898
21	60903	60904	rs4817751	rs4817752	37211677	37212030
21	60905	60907	rs8133995	rs6517309	37215025	37216296
21	60908	60911	rs4817753	rs760071	37216679	37220465
21	60912	60986	rs741754	rs752435	37221474	37277860
21	60987	60988	rs2835157	rs438540	37280704	37281585
21	60990	61036	rs2734400	rs7276050	37284916	37306629
21	61040	61548	rs75357234	rs4817772	37308405	37476975
21	61551	61554	rs1124086	rs2156417	37477746	37477996
21	61556	61747	rs8127118	rs62229324	37481020	37548401
21	61748	61899	rs2845749	rs2284631	37548660	37597681
21	61909	61914	rs9981029	rs8132883	37600390	37601881
21	61915	62017	rs74276131	rs61033710	37602435	37643934
21	62019	62104	rs62232377	rs9978899	37645096	37667969
21	62105	62106	rs12626938	rs12627071	37670029	37670146
21	62107	62133	rs4817790	rs76925207	37670391	37676797
21	62134	62138	rs56250126	rs9789904	37678650	37679671
21	62139	62140	rs142664794	rs181596491	37681268	37681719
21	62141	62222	rs6517344	rs218627	37682785	37756035
21	62223	62370	rs59627355	rs8134233	37757470	37819071
21	62371	62372	rs73204235	rs73204236	37819218	37819219
21	62373	62435	rs1547368	rs2409818	37819773	37827846
21	62437	62441	rs219791	rs219787	37828558	37829508
21	62442	62466	rs2850087	rs219766	37830005	37836477
21	62467	62475	rs219765	rs219758	37836711	37840173
21	62476	62531	rs73902529	rs7277324	37840548	37858267
21	62532	62533	rs138952890	rs114872540	37858280	37858540
21	62534	62535	rs8132946	rs73204270	37858951	37859210
21	62536	62575	rs219737	rs2409819	37859660	37868619
21	62579	62938	rs730265	rs380723	37871886	37995539
21	62939	62940	rs2835405	rs7280635	37996045	37996433
21	62945	62948	rs735391	rs928844	37998467	37999799
21	62949	63061	rs34452485	rs2845777	38002029	38025268
21	63063	63085	rs2845778	rs8132974	38027731	38040461
21	63088	63145	rs4816546	rs2845797	38041859	38071199
21	63146	63151	rs185943845	rs2845801	38071363	38072772
21	63152	63153	rs2252821	rs34907269	38073286	38073695
21	63161	63202	rs875224	rs732638	38075313	38091531
21	63205	63213	rs79727992	rs2249959	38092072	38097221
21	63214	63224	rs73210775	rs112452342	38098078	38108192
21	63227	63236	rs13049561;rs375774822	rs2070519	38109096	38113998
21	63237	63251	rs2070520	rs76431889	38114442	38122414
21	63253	63254	rs14407	rs12481800	38123925	38127626
21	63256	63313	rs9977769	rs4501027	38128707	38153547
21	63316	63385	rs73210796	rs1041832	38154421	38183129
21	63388	63457	rs2835463	rs56399803	38184734	38216121
21	63458	63462	rs56382534	rs2835484	38216542	38217047
21	63464	63796	rs73212691	rs2154530	38217657	38348663
21	63798	63845	rs8127595	rs8126776	38349240	38356011
21	63846	63850	rs8126800	rs73196097	38356061	38357586
21	63851	63960	rs59668379	rs7276161	38357686	38387830
21	63961	63968	rs117685969	rs116884043	38388126	38391824
21	63970	63971	rs2266592	rs2266593	38394733	38394743
21	63972	64026	rs7275851	rs62223566	38394818	38407934
21	64027	64086	rs7354770	rs2835569	38408412	38429389
21	64087	64090	rs79598413	rs16994699	38430143	38431184
21	64092	64550	rs1235345	rs73220559	38432325	38674801
21	64551	64563	rs4817861	rs71332567	38674847	38676646
21	64564	64638	rs9984095	rs7281278	38678407	38710631
21	64640	64641	rs2007547	rs1004471	38711180	38711202
21	64644	64969	rs7281389	rs13051751	38712719	38924787
21	64971	64972	rs9305620	rs7278712	38926300	38926785
21	64973	65041	rs34271447	rs4634000	38929958	38962517
21	65042	65050	rs113880582	rs57132129	38962781	38964125
21	65052	65053	rs112238849	rs113195146	38964590	38964606
21	65054	65056	rs7275584	rs2154548	38964847	38965283
21	65057	65065	rs12482516	rs1892566	38965477	38966758
21	65066	65067	rs2154549	rs2154550	38967254	38967478
21	65068	65077	rs9976685	rs4817873	38967736	38969449
21	65078	65080	rs4817874	rs4817876	38969498	38969672
21	65082	65095	rs28384103	rs141988524	38970340	38973235
21	65096	65478	rs857997	rs73907310	38973309	39088055
21	65480	65485	rs117661466	rs80298356	39089652	39089816
21	65486	65599	rs711996	rs2835938	39090431	39126336
21	65601	65602	rs62224366	rs62224367	39129154	39129158
21	65603	65604	rs111500270	rs2850125	39129379	39130114
21	65605	65636	rs35142630	rs35421830	39130381	39146908
21	65637	65643	rs9680139	rs62221968	39147099	39150573
21	65645	65650	rs858043	rs2835956	39152593	39154968
21	65651	65693	rs1787337	rs2835976	39155954	39181909
21	65694	65826	rs2835977	rs11702168	39182197	39227031
21	65827	65828	rs7284047	rs3827199	39227575	39227602
21	65829	65895	rs3787858	rs8132816	39227806	39253239
21	65900	65949	rs4817901	rs60633399	39254973	39284727
21	65950	65953	rs2836050	rs2836051	39284835	39286695
21	65955	66004	rs11702683	rs7276004	39288764	39326452
21	66010	66082	rs6517443	rs79149406	39328892	39355413
21	66084	66085	rs2836080	rs2836081	39355720	39355742
21	66089	66161	rs62222024	rs2226364	39357533	39379694
21	66163	66201	rs726806	rs17230140	39382095	39404279
21	66202	66213	rs2836123	rs2836126	39404351	39409202
21	66215	66733	rs2836128	rs17230421	39409614	39697938
21	66734	66735	rs2836307	rs2836308	39698055	39698930
21	66738	66740	rs60128869	rs73211967	39699643	39700196
21	66741	66742	rs73211968	rs73211971	39700260	39700357
21	66743	66748	rs55952261	rs8128271	39700504	39703136
21	66749	66814	rs9981503	rs2836334	39703647	39724773
21	66817	66834	rs12483691	rs2836338	39726394	39731913
21	66837	66839	rs2836340	rs2154562	39733529	39733928
21	66840	66873	rs2836341	rs730853	39734757	39749646
21	66874	66909	rs7280528	rs2073359	39750686	39775084
21	66910	67001	rs2836373	rs12481820	39775373	39809361
21	67004	67005	rs2836396	rs62217941	39810743	39811162
21	67006	67049	rs2298335	rs9979387	39812481	39830060
21	67050	67051	rs2836415	rs10154182	39830556	39830620
21	67055	67059	rs2836416	rs2836417	39833491	39834792
21	67060	67061	rs2836418	rs2836419	39835031	39835087
21	67062	67135	rs2836420	rs2836444	39835161	39871435
21	67136	67137	rs3787906	rs12626596	39871868	39872643
21	67140	67238	rs3787907	rs9984958	39873084	39908935
21	67239	67246	rs73215973	rs2836490	39909033	39912850
21	67247	67248	rs9980455	rs9981003	39912958	39912961
21	67250	67363	rs2836492	rs9975915	39913129	39943270
21	67364	67409	rs57780472	rs2836543	39945134	39955464
21	67412	67413	rs61428957	rs76186517	39959157	39959161
21	67414	67503	rs73217907	rs2836580	39959179	40010784
21	67504	67506	rs73217997	rs456658	40010946	40012656
21	67507	67508	rs76622165	rs461679	40012667	40012670
21	67510	67698	rs460843	rs762384	40013059	40074396
21	67699	67703	rs733540	rs2006111	40074687	40075054
21	67708	67777	rs75230349	rs8134461	40076731	40118163
21	67781	67789	rs2836657	rs2836660	40119768	40123972
21	67790	67856	rs2836661	rs1209932	40124063	40161072
21	67857	68042	rs1209933	rs455328	40161976	40230194
21	68044	68063	rs1893203	rs463922	40230704	40234997
21	68065	68207	rs461522	rs2000639	40235830	40280522
21	68210	68223	rs2836747	rs9982210	40282556	40288511
21	68225	68227	rs28514570	rs8128163	40288843	40289130
21	68231	68318	rs73443100	rs2836765	40289782	40305866
21	68321	68342	rs9977386	rs2836773	40308256	40316451
21	68344	68447	rs2836775	rs11088458	40318311	40350120
21	68448	68453	rs2836802	rs2836803	40350219	40351780
21	68454	68532	rs881558	rs8130453	40352358	40367397
21	68534	68551	rs2410078	rs7277983	40369030	40373763
21	68553	68579	rs67234548	rs11701075	40374738	40380383
21	68584	68588	rs17285812	rs2836826	40382167	40382624
21	68592	68600	rs7276225	rs2836834	40384037	40387484
21	68604	68661	rs4572680	rs1888483	40389234	40401698
21	68663	68727	rs74695560	rs8130107	40402761	40425579
21	68728	68783	rs2836865	rs2836875	40426329	40451612
21	68784	68786	rs2836876	rs8132483	40451794	40451844
21	68789	68796	rs2836877	rs9941865	40452573	40455367
21	68798	68825	rs28756733	rs403746	40458722	40471075
21	68826	68837	rs62222450	rs138185380	40471448	40483414
21	68844	69585	rs431376	rs9680225	40485172	40755500
21	69586	69599	rs6517547	rs9305674	40755994	40764049
21	69600	69601	rs2837003	rs2837004	40764712	40765511
21	69602	69650	rs13051571	rs2837019	40766048	40793465
21	69651	70011	rs2837020	rs60036944	40793911	40897534
21	70013	70383	rs485224	rs2837096	40899071	40978013
21	70384	70389	rs78905016	rs28446860	40978115	40980566
21	70390	70391	rs673086	rs673576	40981061	40981218
21	70394	70396	rs550569	rs671324	40981775	40984446
21	70399	70414	rs71316684	rs537167	40987375	40994853
21	70415	70429	rs602006	rs651244	40996436	41007498
21	70430	70431	rs73213473	rs11701869	41008375	41008431
21	70432	70433	rs83969	rs634910	41008497	41008874
21	70434	70462	rs634486	rs78083988	41008956	41019888
21	70465	70487	rs11700951	rs28421599	41020752	41026963
21	70492	70513	rs559077	rs2837112	41028375	41042699
21	70514	70562	rs9975062	rs2065314	41043005	41072130
21	70564	70629	rs2837126	rs28587852	41073378	41097382
21	70632	70655	rs78695875	rs2837135	41098725	41108661
21	70659	71314	rs460528	rs67841606	41111072	41233318
21	71315	71317	rs438591	rs373139	41234440	41235350
21	71319	71320	rs2222993	rs381716	41235664	41235752
21	71321	71380	rs9983974	rs59467848	41236526	41259867
21	71386	71473	rs2299754	rs2299761	41261290	41277269
21	71481	71507	rs2244287	rs3819597	41278929	41282768
21	71508	71511	rs16998883	rs2299782	41282908	41283792
21	71512	71570	rs2299783	rs17827147	41283910	41297049
21	71571	71587	rs2251810	rs4818101	41297318	41302234
21	71588	71624	rs372628931	rs11701899	41302541	41309347
21	71630	71631	rs2837309	rs12482580	41310371	41310443
21	71632	71753	rs11911882	rs1235555	41312095	41345172
21	71756	71761	rs11910718	rs62236606	41345972	41346320
21	71765	71767	rs62236619	rs992039	41348212	41348521
21	71768	71869	rs1734850	rs4818106	41349998	41372572
21	71870	71901	rs2837363	rs73221332;rs567671735	41373314	41383840
21	71903	71919	rs2837374	rs8133488	41385760	41388360
21	71922	72005	rs62235574	rs928293	41389967	41412642
21	72007	72008	rs9981861	rs13049015	41415044	41415300
21	72010	72159	rs73906386	rs2837423	41415520	41444850
21	72160	72176	rs420863	rs439535	41445334	41450511
21	72177	72198	rs7282774	rs7275547	41451446	41462760
21	72199	72204	rs11701806	rs7277323	41463804	41464636
21	72205	72336	rs396581	rs57550834	41464641	41512872
21	72337	72338	rs2837450	rs11911935	41512900	41513010
21	72339	72410	rs13046190	rs2837466	41513421	41531472
21	72413	72445	rs7280615	rs2837477	41532663	41542200
21	72446	72447	rs2837478	rs2898401	41543786	41544215
21	72448	72713	rs8131802	rs9977943	41544738	41667233
21	72714	72782	rs2837554	rs4816681	41667378	41691341
21	72784	72796	rs73371761	rs12626628	41693634	41705756
21	72797	72888	rs2205081	rs2837614	41708994	41766224
21	72890	72953	rs9980018	rs2837624	41769924	41801051
21	72958	72989	rs9981495	rs58704028	41803872	41816672
21	72993	73324	rs2837630	rs4818140	41818543	41916402
21	73325	73329	rs7283322	rs55714611	41917094	41917545
21	73330	73331	rs2837695	rs78209064	41917949	41917971
21	73335	73614	rs2837696	rs4816691	41919423	41995594
21	73616	73620	rs9974484	rs28526702	41997529	42000488
21	73621	73757	rs76864567	rs1537112	42001590	42029143
21	73763	73922	rs6517604	rs4818162	42030923	42058520
21	73923	73924	rs9653728	rs2837783	42059065	42059090
21	73926	73935	rs4818163	rs8132311	42060335	42064088
21	73937	74007	rs34347172	rs58114519	42066604	42104122
21	74010	74011	rs8132900	rs2837798	42106263	42106705
21	74013	74127	rs1015851	rs7277205	42107748	42154651
21	74130	74225	rs8128946	rs6517620	42156432	42183983
21	74227	74230	rs7283279	rs2837836	42185860	42188033
21	74232	74249	rs78823543	rs4818183	42190846	42199303
21	74250	74251	rs7281473	rs7281495	42199617	42199662
21	74253	74254	rs59079095	rs7283189	42201145	42201433
21	74255	74332	rs2898425	rs13046100	42201615	42224601
21	74335	74336	rs8130871	rs8133945	42226148	42226166
21	74338	74408	rs78486492	rs2837858	42226663	42251261
21	74409	74426	rs11088533	rs13049240	42253062	42258329
21	74427	74474	rs2837860	rs4581977	42259075	42274582
21	74476	74510	rs28706422	rs7275425	42276108	42282783
21	74511	74515	rs928299	rs7279115	42283256	42283732
21	74517	74707	rs58917430	rs73356525	42284256	42333827
21	74710	74790	rs9305716	rs35976647	42335623	42378656
21	74792	74793	rs79770173	rs9980066	42380532	42381055
21	74794	74884	rs62217852	rs914166	42381141	42416022
21	74886	74890	rs13049840	rs2019147	42417527	42422184
21	74891	75128	rs1921981	rs8129709	42422547	42489796
21	75130	75162	rs2837957	rs1571731	42491120	42504356
21	75163	75175	rs1467755	rs34103523	42505575	42511678
21	75178	75179	rs13049838	rs9977860	42513675	42514510
21	75181	75240	rs1001453	rs9305728	42515277	42525448
21	75245	75275	rs914176	rs1467756	42528192	42545250
21	75279	75281	rs766850	rs4818219	42546817	42547894
21	75283	75289	rs61736857	rs62217945	42548453	42553633
21	75290	75291	rs73902944	rs55874010	42554634	42554997
21	75292	75294	rs3949725	rs8130833	42556413	42556885
21	75295	75313	rs9984990	rs8131198	42562026	42570841
21	75315	75317	rs115064042	rs750445	42572129	42572344
21	75318	75325	rs73222254	rs138837252	42572514	42576164
21	75326	75355	rs35291683	rs914183	42576275	42586495
21	75356	75358	rs2837968	rs10451740	42586604	42588731
21	75359	75366	rs9981547	rs28437018	42589384	42594058
21	75368	75385	rs137973098	rs9978837	42594655	42605846
21	75388	75399	rs2898441	rs1541103	42606524	42613344
21	75400	75401	rs73222273	rs2252576	42613545	42615293
21	75403	75422	rs67237909	rs2837992	42616201	42620520
21	75423	75427	rs9981553	rs1046210	42620680	42622786
21	75429	75430	rs2837994	rs8134992	42624124	42624622
21	75431	75508	rs3827212	rs58795078	42625270	42656617
21	75509	75510	rs2006737	rs2006741	42657187	42657221
21	75513	75515	rs2410416	rs9980146	42658473	42659015
21	75516	75518	rs4818230	rs66871207	42659676	42660588
21	75519	75524	rs9305734	rs9980188	42661314	42664366
21	75525	75599	rs67484863	rs2253894	42664418	42710566
21	75600	75606	rs11909649	rs11910557	42711279	42711981
21	75608	75609	rs4305350	rs376350	42714088	42714288
21	75610	75611	rs73226128	rs73226129	42714474	42714567
21	75612	75613	rs2838015	rs117006037	42714919	42715986
21	75614	75639	rs4818234	rs2189512	42716275	42727708
21	75642	75650	rs757368	rs2838029	42729591	42735719
21	75651	75682	rs9981001	rs2065327	42737052	42748319
21	75685	75698	rs36019198	rs8127870	42750412	42756996
21	75700	75725	rs373066	rs9305743	42757620	42764948
21	75727	75740	rs9976700	rs392399	42766607	42769063
21	75742	75749	rs81481	rs466092	42771362	42774541
21	75750	75758	rs466106	rs464090	42774613	42783048
21	75760	75762	rs430948	rs58382449	42785879	42791623
21	75764	75779	rs457274	rs464138	42792485	42798173
21	75781	75783	rs28631006	rs2838035	42799513	42800466
21	75784	75938	rs464397	rs401498	42800518	42828356
21	75942	75943	rs469459	rs468811	42829721	42829846
21	75944	75947	rs2238718	rs1557370	42829903	42830690
21	75948	75949	rs60687893	rs55992492	42830901	42830902
21	75950	75953	rs28526490	rs1548707	42831593	42832469
21	75954	76030	rs1557372	rs8134216	42832541	42849258
21	76031	76094	rs9636988	rs7275220	42850045	42865324
21	76099	76294	rs55760462	rs9647192	42868206	42914603
21	76295	76301	rs35399628	rs7278990	42914758	42917425
21	76302	76337	rs9975499	rs2838063	42918166	42929129
21	76339	76341	rs2838064	rs4276096	42930177	42930969
21	76343	76457	rs73231939	rs28675193	42931782	42954903
21	76464	76508	rs76330225	rs71318574	43007201	43022890
21	76509	76510	rs6586233	rs2838070	43023249	43023514
21	76511	76570	rs56232589	rs116098223	43023699	43034629
21	76573	76604	rs9977018	rs9978161	43036969	43043346
21	76606	76611	rs9974579	rs9974223	43045506	43046412
21	76616	76652	rs62217771	rs7282997	43048389	43059884
21	76654	76656	rs9647276	rs7275423	43060391	43060705
21	76657	76673	rs7282757	rs4919950	43060826	43065365
21	76674	76676	rs9983565	rs2838084	43065992	43066272
21	76677	76684	rs12482763	rs2262275	43066361	43073076
21	76685	76686	rs2402162	rs2402161	43073400	43073941
21	76688	76690	rs8129208	rs76972452	43074507	43074545
21	76694	76697	rs2849683	rs2849685	43075687	43076906
21	76698	76699	rs2849686	rs9977719	43077743	43077791
21	76700	76734	rs2849687	rs2776348	43078849	43086944
21	76736	76743	rs2255892	rs2838087	43087772	43089302
21	76745	76781	rs2776355	rs2776364	43090830	43098532
21	76784	76785	rs12106341	rs56170581	43099585	43100718
21	76789	76793	rs2776366	rs3850713	43101567	43104009
21	76794	76847	rs2776367	rs62214219	43104038	43120665
21	76848	76870	rs9982218	rs9974769	43120692	43122403
21	76875	76885	rs7279092	rs11203151	43123052	43125561
21	76887	76895	rs13052067	rs8128818	43126676	43128660
21	76896	76899	rs13047904	rs11702682	43128697	43128990
21	76900	76905	rs4919928	rs4919930	43129127	43129464
21	76910	76922	rs79495004	rs11701067	43130035	43132878
21	76923	76932	rs6586229	rs2838096	43133145	43133829
21	76933	76952	rs62214245	rs4919935	43134690	43136728
21	76954	76972	rs10222189	rs57461971	43138836	43140676
21	76973	76980	rs7275856	rs116837266	43140784	43141705
21	76982	76983	rs55711022	rs35677462	43142343	43142596
21	76987	76988	rs2309103	rs7283002	43143936	43144340
21	76992	76993	rs73906234	rs76079367	43146017	43146086
21	76995	77003	rs4591431	rs11203153	43146348	43147252
21	77006	77191	rs73369653	rs7275201	43147630	43199262
21	77192	77217	rs66920263	rs7276566	43199495	43202682
21	77218	77223	rs7276579	rs2849715	43202700	43203510
21	77224	77226	rs9976579	rs9976859	43203816	43204089
21	77227	77268	rs73219026	rs7282548	43204305	43216282
21	77270	77272	rs2838123	rs2838125	43217269	43217537
21	77273	77348	rs1054761	rs28477638	43218520	43239972
21	77350	77357	rs73375539	rs3934698	43240446	43241316
21	77358	77363	rs28485479	rs28360603	43241798	43242207
21	77365	77367	rs28709710	rs28452131	43242760	43242911
21	77368	77500	rs79261814	rs9978931	43243448	43271688
21	77502	77503	rs4920060	rs7281207	43272211	43272299
21	77504	77506	rs12483199	rs4346474	43272546	43273404
21	77508	77511	rs915832	rs58224081	43275495	43276715
21	77512	77523	rs870531	rs9983386	43276783	43282436
21	77524	77536	rs73361561	rs62214700	43282549	43284802
21	77540	77555	rs11203190	rs1893587	43285513	43287013
21	77557	77559	rs12482809	rs4920070	43287111	43287842
21	77560	77565	rs7277616	rs13046908	43289206	43290089
21	77566	77567	rs12151960	rs3746898	43290140	43291053
21	77572	77584	rs7275618	rs870432	43292621	43296428
21	77585	77586	rs11203192	rs11702265	43296613	43297227
21	77587	77588	rs4920082	rs11908779	43297887	43297918
21	77591	77593	rs112381381	rs113834835	43299261	43299584
21	77594	77595	rs79530026	rs74278152	43300156	43300281
21	77597	77599	rs111353980	rs78639878	43300472	43301358
21	77600	77601	rs4919983	rs2839400	43301781	43301863
21	77602	77667	rs2839401	rs17766637	43302079	43316506
21	77670	77693	rs218366	rs396690	43317441	43320750
21	77698	77700	rs1004810	rs8133006	43322304	43322489
21	77701	77756	rs376029	rs9974477	43322866	43334290
21	77757	77758	rs538982122	rs144101890	43334303	43334328
21	77760	77761	rs7282233	rs7282354	43334433	43334485
21	77763	77790	rs9979778	rs3746909	43335112	43342046
21	77791	77794	rs138033827	rs139407747	43342538	43344706
21	77795	77796	rs369460	rs365163	43345053	43345207
21	77800	77801	rs117314964	rs7280126	43348412	43349040
21	77802	77803	rs34441893	rs11702562	43349673	43350062
21	77805	77820	rs1041803	rs565106	43353018	43356289
21	77821	77830	rs55820552	rs9325617	43356410	43359769
21	77832	77833	rs59312488	rs56908131	43362203	43362204
21	77834	77839	rs3746910	rs112519180	43362513	43363736
21	77841	77848	rs429110	rs4920032	43364475	43368105
21	77849	77850	rs8128279	rs9978540	43369059	43369599
21	77852	77854	rs12185822	rs73221458	43372556	43372923
21	77855	77862	rs62216681	rs55894641	43373181	43376744
21	77864	77895	rs9979880	rs9680413	43377572	43388337
21	77898	77904	rs1963768	rs11701415	43389149	43390682
21	77905	77906	rs2839424	rs9637304	43390701	43391054
21	77907	77939	rs2839425	rs2839427	43391281	43397932
21	77940	77941	rs11702414	rs11203179	43397997	43398136
21	77944	77990	rs28504244	rs399856	43399729	43429588
21	77992	78009	rs399907	rs28378451	43429646	43436630
21	78011	78045	rs116456054	rs220218	43438597	43443011
21	78046	78048	rs58417802	rs2839440	43443113	43443498
21	78053	78101	rs3737429	rs446831	43444731	43458205
21	78103	78104	rs4920059	rs73369515	43458706	43458745
21	78108	78110	rs78494579	rs12482228	43460247	43460345
21	78111	78112	rs150790	rs35756574	43460496	43460852
21	78116	78118	rs5024160	rs150795	43461580	43462379
21	78119	78226	rs8128318	rs77485256	43462712	43495992
21	78228	78239	rs220286	rs854832	43496381	43498656
21	78240	78241	rs220296	rs220297	43498844	43498930
21	78244	78245	rs34042201	rs8132555	43499352	43499442
21	78246	78257	rs62215118	rs8133951	43500623	43502866
21	78258	78263	rs56712315	rs9982856	43502878	43504548
21	78266	78267	rs749020	rs58788126	43506485	43507189
21	78268	78269	rs220301	rs220302	43508801	43508822
21	78270	78273	rs220303	rs17114359	43509699	43510437
21	78275	78297	rs220305	rs59945925	43511179	43517594
21	78299	78371	rs220311	rs2051401	43518497	43530856
21	78372	78395	rs220125	rs2187240	43530897	43534835
21	78398	78403	rs220140	rs2839468	43536902	43538093
21	78405	78409	rs76548124	rs220146	43538801	43539293
21	78410	78416	rs220147	rs35048950	43539523	43540955
21	78418	78419	rs220150	rs220151	43541342	43542379
21	78420	78424	rs220152	rs11910495	43542753	43545060
21	78426	78428	rs220156	rs13051533	43545213	43545489
21	78431	78488	rs80040922	rs2839472	43547165	43555707
21	78489	78497	rs1563357	rs220176	43556335	43557166
21	78498	78586	rs220177	rs9637293	43557329	43570977
21	78590	78683	rs468730	rs77704026	43574244	43612532
21	78686	78761	rs748319	rs9976024	43613057	43641657
21	78762	78763	rs4148104	rs225411	43642438	43643047
21	78764	78806	rs12627318	rs3787979	43643583	43670657
21	78808	78864	rs3787980	rs2298689	43672637	43696833
21	78868	78910	rs4148123	rs3788006	43698251	43703098
21	78911	78921	rs79592672	rs3788007	43703324	43706776
21	78925	78962	rs4920080	rs6586308	43708766	43727683
21	78965	79046	rs225437	rs225337	43730795	43767500
21	79047	79108	rs2839486	rs225355	43768197	43784482
21	79109	79112	rs225356	rs4920094	43786068	43786333
21	79113	79119	rs13051704	rs184432	43786371	43787562
21	79121	79149	rs8129470	rs73225477	43788609	43794014
21	79150	79154	rs1888520	rs876125	43794185	43794827
21	79155	79156	rs755946	rs894287	43795165	43795256
21	79157	79195	rs2839493	rs35275001	43795697	43808215
21	79199	79220	rs225433	rs28485865	43809418	43816655
21	79222	79300	rs8129606	rs876497	43817433	43841905
21	79303	79305	rs883869	rs2839508	43844840	43845294
21	79306	79307	rs2839509	rs2839511	43846729	43848521
21	79309	79344	rs78295531	rs11910104	43851109	43866169
21	79345	79357	rs884339	rs2187310	43866505	43870361
21	79358	79373	rs2839524	rs1475890	43872872	43877017
21	79375	79423	rs2839526	rs117385282	43877964	43896143
21	79431	79433	rs532561393	rs562983482	43897332	43897334
21	79436	79464	rs55886155	rs8129819	43899154	43919977
21	79465	79470	rs12482654	rs111447772	43920492	43927219
21	79472	79475	rs62215901	rs8126600	43929170	43929852
21	79476	79754	rs3788017	rs410700	43930016	44021573
21	79755	79763	rs62213026	rs79163750	44021828	44025049
21	79764	79774	rs34923991	rs147474145	44025058	44025311
21	79776	79783	rs13052694	rs11702606	44025612	44028191
21	79787	79858	rs73908238	rs17115302	44030364	44051855
21	79860	79861	rs62213046	rs62213047	44053205	44053244
21	79862	79913	rs438983	rs398146	44053351	44066201
21	79914	79931	rs228026	rs228038	44066739	44071939
21	79933	79936	rs2269124	rs228040	44072360	44072476
21	79937	79988	rs111800928	rs13048733	44073072	44087234
21	79989	79991	rs2269135	rs2284957	44087239	44088258
21	79992	80042	rs2284958	rs2269140	44088631	44103996
21	80043	80044	rs8134359	rs2839571	44104825	44104858
21	80045	80046	rs62215395	rs78355380	44105866	44106053
21	80047	80052	rs58419862	rs62215398	44107083	44107828
21	80053	80054	rs2839573	rs2839574	44107960	44107989
21	80055	80056	rs13046426	rs13047947	44108228	44108243
21	80057	80060	rs56350349	rs55687731	44109721	44110016
21	80061	80064	rs28579010	rs35729571	44110306	44110493
21	80065	80207	rs67390330	rs67367819	44110505	44157500
21	80208	80209	rs13051037	rs13053087	44157711	44157712
21	80210	80213	rs62213385	rs8133738	44158264	44158636
21	80214	80215	rs9976235	rs13051867	44160538	44160693
21	80216	80236	rs62213389	rs35168968	44160715	44167924
21	80237	80254	rs2839582	rs2269159	44168553	44174592
21	80255	80349	rs2269160	rs9974366	44175596	44192335
21	80352	80353	rs7279035	rs71320558	44194083	44194175
21	80356	80358	rs9637296	rs73231618	44195374	44196228
21	80360	80391	rs73231620	rs115576229	44196642	44201866
21	80393	80397	rs7275470	rs2401098	44203087	44203738
21	80398	81071	rs869725	rs62217610	44203936	44358481
21	81074	81077	rs9637299	rs8130781	44360107	44361310
21	81078	81653	rs7278528	rs73372399	44361358	44502816
21	81658	81668	rs234785	rs9985136	44504005	44506116
21	81671	81746	rs11701664	rs9325624	44507240	44537387
21	81748	81798	rs140974017	rs11701224	44541216	44568719
21	81801	81829	rs2839639	rs75930012	44569554	44580780
21	81831	81832	rs77084473	rs8127377	44582411	44582440
21	81834	81841	rs9978801	rs882387	44583517	44586168
21	81842	81843	rs13049222	rs4920052	44586671	44587108
21	81844	81871	rs77809795	rs914195	44587470	44596272
21	81875	81935	rs9975271	rs11702821	44598497	44623842
21	81937	81955	rs8133281	rs28972086	44626269	44632513
21	81956	81962	rs189068354	rs113743762	44688112	44695577
21	81963	81981	rs140537702	rs9984575	44698617	44712163
21	81982	82009	rs34252138	rs2051406	44712271	44720183
21	82010	82018	rs8134074	rs8130169	44720381	44721475
21	82021	82051	rs11700805	rs635216	44722237	44732041
21	82055	82072	rs116728122	rs2122867	44735891	44739481
21	82076	82097	rs56179326	rs2838262	44740327	44749042
21	82099	82129	rs482182	rs2838268	44749901	44759436
21	82130	82140	rs12627514	rs2838273	44759440	44762655
21	82142	82186	rs7280219	rs7277802	44764506	44773812
21	82191	82305	rs648047	rs653004	44775519	44802443
21	82307	82308	rs116781150	rs78722407	44804248	44804391
21	82309	82310	rs28682938	rs115035468	44805132	44805707
21	82311	82332	rs2838293	rs76570210	44806314	44815757
21	82336	82337	rs80293115	rs74657229	44818803	44819014
21	82341	82354	rs117671999	rs554781	44820779	44824854
21	82358	82361	rs13051273	rs581115	44825421	44825431
21	82364	82366	rs2096852	rs77554400	44825683	44826491
21	82367	82372	rs1102228	rs4818955	44827526	44829087
21	82373	82442	rs137923903	rs61696572	44829595	44847870
21	82443	82474	rs229347	rs229349	44848070	44860143
21	82477	82483	rs162353	rs162350	44862077	44865282
21	82484	82537	rs73223040	rs230634	44865437	44886119
21	82539	82541	rs229341	rs8133780	44889292	44906099
21	82543	82545	rs162348	rs12626992	44913747	44914581
21	82546	82867	rs230640	rs13053089	44914815	45135385
21	82869	82920	rs9985172	rs9984818	45136843	45158689
21	82921	82922	rs149648969	rs146175819	45159096	45159123
21	82928	82992	rs112060928	rs59926208	45161339	45186872
21	82996	83015	rs11089095	rs13046612	45188092	45195119
21	83017	83034	rs62229223	rs2096856	45196628	45202241
21	83035	83282	rs2096857	rs4819317	45202298	45251102
21	83283	83284	rs527575551	rs2018140	45251112	45251207
21	83287	83310	rs2186928	rs762415	45252259	45255836
21	83313	83316	rs13046826	rs11089102	45256708	45258047
21	83319	83390	rs73224999	rs9306163	45259325	45278239
21	83392	83393	rs12483101	rs1573473	45280717	45282421
21	83394	83396	rs1007439	rs2014065	45282449	45282957
21	83399	83401	rs62228689	rs148913001	45284209	45285042
21	83404	83417	rs1573474	rs13052200	45289700	45295527
21	83420	83549	rs59116391	rs28515690	45297911	45358806
21	83551	83576	rs743468	rs8134198	45359587	45369535
21	83577	83579	rs7278317	rs3788089	45369998	45370715
21	83580	83698	rs2838447	rs62229731	45370888	45416378
21	83699	84083	rs7277731	rs7276120	45416486	45605448
21	84085	84189	rs111443462	rs73381331	45606570	45631698
21	84190	84196	rs35405602	rs2838528	45631770	45633477
21	84197	84198	rs113442233	rs9984895	45634026	45634089
21	84199	84212	rs12482400	rs7276425	45634148	45635745
21	84215	84315	rs8126734	rs11701174	45636432	45652756
21	84316	84317	rs76528571	rs73229000	45653275	45653292
21	84320	84335	rs7278257	rs420726	45653764	45659445
21	84336	84340	rs2847224	rs9974367	45660835	45662979
21	84343	84346	rs9980169	rs2026880	45664257	45665330
21	84347	84376	rs76793631	rs2838534	45665453	45673649
21	84378	84404	rs56004138	rs2838537	45674942	45683575
21	84405	84438	rs60258898	rs12626391	45684379	45696051
21	84439	84440	rs142072280	rs28827886	45696383	45696430
21	84442	84479	rs12482361	rs3761389	45696955	45704938
21	84482	84502	rs2073609	rs1800525	45707976	45712290
21	84505	84521	rs111411199	rs75176081	45714020	45718427
21	84522	84605	rs56295824	rs2838549	45720571	45734885
21	84606	84636	rs59952509	rs14313	45735363	45756015
21	84639	84741	rs3788121	rs2838557	45756900	45812703
21	84742	84832	rs45619336	rs11088952	45814051	45849135
21	84833	84844	rs4818919	rs73377622	45849864	45854053
21	84845	84854	rs2003775	rs9979491	45854386	45856615
21	84856	84934	rs8131919	rs2838567	45858141	45893907
21	84935	84956	rs73233025	rs186033564	45894462	45904708
21	84957	84965	rs2329817	rs72497625	45916908	45924127
21	84966	84968	rs233225	rs233228	45928055	45934200
21	84969	85013	rs60390607	rs62220861	45939057	45962371
21	85015	85016	rs233322	rs233323	45964210	45964669
21	85018	85020	rs233231	rs233233	45966733	45968373
21	85021	85022	rs7280667	rs147333548	45968739	45969024
21	85023	85063	rs6518194	rs2838588	45969601	45977111
21	85066	85364	rs12483390	rs8126931	45978488	46042375
21	85368	85761	rs13051885	rs1108260	46044625	46128539
21	85762	85764	rs34538966	rs11700586	46128638	46128983
21	85767	85768	rs35194355	rs79379722	46129997	46130325
21	85769	85770	rs73234886	rs17004695	46130548	46130596
21	85771	85809	rs75234928	rs235290	46131801	46142859
21	85812	85852	rs74606938	rs688412	46143861	46153538
21	85853	85858	rs582152	rs689923	46153886	46154118
21	85859	85944	rs374656	rs425865	46154672	46174999
21	85949	85950	rs396999	rs35907272	46175935	46175937
21	85952	85953	rs4818971	rs4818972	46176796	46176838
21	85955	86135	rs658637	rs690626	46178297	46243319
21	86137	86154	rs8129626	rs61208658	46244045	46245876
21	86157	86386	rs139156923	rs882549	46246046	46308441
21	86388	86392	rs2075884	rs235327	46310530	46312112
21	86393	86410	rs140146546	rs9979014	46312367	46316338
21	86412	86421	rs235333	rs12627394	46317008	46319923
21	86429	86494	rs35934861	rs7282310	46321207	46336166
21	86500	86501	rs56332357	rs56056043	46337226	46337271
21	86503	86550	rs34787599	rs4818987	46338197	46347362
21	86551	86552	rs4818988	rs9983174	46348764	46349031
21	86553	86772	rs1721	rs73226683	46349496	46427909
21	86774	86776	rs7275879	rs7279806	46428108	46428348
21	86777	86779	rs73226686	rs73226689	46428521	46428873
21	86781	86783	rs7277264	rs34281657	46429864	46430228
21	86787	86866	rs376608434	rs4818757	46433667	46477341
21	86867	86872	rs2838760	rs73230644	46481505	46483436
21	86873	86874	rs8132813	rs11700654	46483467	46483820
21	86875	86986	rs7282299	rs372173	46484228	46552998
21	86988	87122	rs76373093	rs9637192	46556057	46637413
21	87123	87130	rs2838818	rs2838820	46641017	46646005
21	87131	87160	rs2838821	rs2838824	46646546	46655385
21	87161	87441	rs9976074	rs12627165	46655638	46736694
21	87442	87446	rs2838873	rs7277970	46739353	46741721
21	87453	87457	rs55654356	rs914233	46743575	46744941
21	87460	87498	rs747403	rs9637167	46747226	46759886
21	87502	87722	rs114580420	rs2838904	46762372	46806682
21	87724	87726	rs4818774	rs4818776	46807290	46807985
21	87727	87728	rs74875197	rs11911914	46808696	46809467
21	87729	87739	rs4819090	rs4819094	46809884	46812191
21	87741	87742	rs28440154	rs9983491	46812511	46812515
21	87743	87751	rs112551979	rs8132562	46812616	46813678
21	87753	87756	rs7276817	rs1980976	46814171	46814781
21	87759	87761	rs6518240	rs9306127	46816144	46816423
21	87763	87773	rs2838905	rs62216279	46816740	46819726
21	87776	87788	rs2330105	rs61674626	46820786	46822325
21	87793	87794	rs12626452	rs80327334	46822919	46824261
21	87797	87799	rs62216280	rs56206235	46825790	46826677
21	87800	87818	rs35205716	rs71334063	46826812	46832345
21	87819	87844	rs2838907	rs2838916	46834311	46839625
21	87846	87908	rs2838920	rs8129252	46841398	46853482
21	87910	88033	rs78184684	rs9980311	46854117	46899279
21	88035	88050	rs7276306	rs2236467	46899443	46900410
21	88051	88054	rs28608951	rs9983783	46900546	46901003
21	88055	88104	rs2838941	rs73370824	46901060	46907338
21	88105	88108	rs9976784	rs78094056	46907479	46908103
21	88109	88171	rs11702425	rs73370840	46908355	46917035
21	88173	88206	rs9981642	rs145417892	46917932	46922951
21	88209	88257	rs3753019	rs12482346	46924785	46937627
21	88259	88306	rs7278332	rs4818790	46940524	46959979
21	88307	88308	rs13050920	rs4311136	46960895	46961903
21	88310	88403	rs3788205	rs9647239	46964378	47012453
21	88405	88439	rs11089016	rs6518253	47014657	47030613
21	88442	89340	rs9974061	rs34495634	47032094	47409580
21	89342	89344	rs368643049	rs11702176	47410381	47410388
21	89345	89347	rs201910945	rs111649307	47410401	47410411
21	89350	89419	rs1980982	rs7280926	47410931	47428173
21	89420	89422	rs62211777	rs2330330	47428603	47429592
21	89423	89464	rs2839078	rs1475888	47429769	47439474
21	89465	89466	rs4819183	rs4819184	47440536	47440544
21	89467	89468	rs2839080	rs11702193	47440892	47440954
21	89469	89491	rs112122107	rs7278123	47441095	47453019
21	89492	89499	rs2839086	rs2839088	47453954	47457361
21	89500	89524	rs68050354	rs4490283	47457372	47467064
21	89525	89527	rs145955048	rs9975159	47467719	47467733
21	89529	89534	rs9798612	rs2839091	47468327	47469124
21	89535	89537	rs2839092	rs2839093	47469161	47469221
21	89541	89542	rs13048798	rs9982334	47470612	47470696
21	89543	89549	rs28528982	rs9974400	47470831	47472224
21	89550	89553	rs11089043	rs55821692	47472471	47472776
21	89554	89555	rs34349827	rs35803155	47472793	47472812
21	89558	89681	rs35058716	rs12481743	47473242	47490767
21	89682	89683	rs2839098	rs8134988	47490970	47491014
21	89687	89707	rs73159671	rs62213131	47493656	47498280
21	89710	89757	rs915805	rs869087	47500543	47515645
21	89759	89929	rs2156431	rs62213997	47516540	47558128
21	89931	89934	rs60525628	rs372393663	47558586	47558904
21	89935	89951	rs1980983	rs9982796	47558994	47561317
21	89952	89976	rs16978930	rs80225292	47561539	47566090
21	89979	89989	rs7282864	rs17004505	47566828	47571209
21	89994	90001	rs8133080	rs1556341	47573469	47575029
21	90003	90004	rs914245	rs914246	47575737	47575790
21	90007	90014	rs144500256	rs7282697	47578229	47580415
21	90015	91431	rs12627614	rs9980223	47580547	48025113
21	91432	91433	rs73379587	rs2839364	48025434	48025794
21	91434	91436	rs2839365	rs9975257	48025946	48027070
21	91437	91460	rs9978658	rs9984399	48027084	48034661
21	91461	91581	rs13048683	rs149048580	48035163	48119634
