chr	start.index	end.index	start.rsID	end.rsID	start.bp	end.bp
22	1	33	rs62224609	rs2844853	16051249	16063369
22	34	41	rs5746303	rs200210216	16064992	16067693
22	42	45	rs2843266	rs1811976	16067719	16069141
22	46	48	rs1811028	rs1963212	16069707	16069783
22	49	54	rs587666830	rs374896667	16069784	16072192
22	56	57	rs9617549	rs142879062	16074105	16080694
22	59	60	rs80167289	rs368672393	16091784	16092069
22	64	89	rs3884781	rs4643631	16119303	16159060
22	91	574	rs2096609	rs183011531	16168542	16695882
22	575	1062	rs28971461	rs368663923	16847963	16906790
22	1065	1075	rs117327277	rs199980714	16907558	16912638
22	1076	1081	rs5992608	rs5992612	16912792	16913399
22	1084	1086	rs5748816	rs5748817	16913831	16913858
22	1087	1091	rs8140178	rs9306245	16913973	16914962
22	1094	1103	rs58119544;rs5746975	rs12162737	16915280	16916698
22	1106	1316	rs5748846	rs62226954	16917903	16962044
22	1317	1325	rs4010345	rs200849740	16962868	16964487
22	1327	1331	rs572534874	rs568627498	16965224	16967698
22	1332	1335	rs540079907	rs199880430	16968311	16971790
22	1336	1337	rs131588	rs131591	16971901	16972435
22	1340	1519	rs12166349	rs5746629	17000828	17050605
22	1523	1539	rs7511075	rs5747940	17052123	17056415
22	1540	1541	rs4819760	rs3732991	17057597	17058482
22	1543	1592	rs16980739	rs5993550	17058616	17077949
22	1593	1610	rs11703974	rs11705438	17078105	17086614
22	1611	1613	rs5746704	rs11089264	17087283	17087705
22	1615	1785	rs143581056	rs13056384	17088417	17161189
22	1787	1792	rs5993915	rs5746861	17169403	17172193
22	1793	1797	rs76478386	rs77718574	17175749	17177541
22	1799	1801	rs2529885	rs2845372	17178184	17178332
22	1802	1814	rs377033253	rs17432784	17178445	17196300
22	1815	1977	rs113274494	rs73384005	17197386	17274624
22	1979	2033	rs5748639	rs7291429	17276523	17294251
22	2034	2204	rs2041698	rs165637	17294997	17344867
22	2205	2208	rs165653	rs165731	17345122	17346602
22	2209	2226	rs62230384	rs28398828	17346884	17351242
22	2227	2247	rs5748687	rs4006275	17351507	17359984
22	2248	2271	rs2385736	rs4006277	17360076	17366811
22	2272	2276	rs5992565	rs5994059	17366940	17366990
22	2278	2286	rs6518626	rs5748709	17368493	17370919
22	2288	2291	rs5748710	rs5748711	17372059	17372364
22	2297	2360	rs5748715	rs16981824	17374789	17393239
22	2363	2406	rs2241030	rs9605179	17395974	17412216
22	2410	2538	rs5748746	rs5746961	17413443	17489546
22	2541	2543	rs10439907	rs917838	17491584	17492452
22	2544	2549	rs2192155	rs2399153	17492533	17493293
22	2550	2553	rs9606566	rs4141524	17493431	17493720
22	2554	2557	rs4819940	rs5994130	17493792	17494547
22	2558	2559	rs1966416	rs7286144	17495145	17495757
22	2561	2565	rs5748804	rs3996144	17497295	17499005
22	2567	2569	rs3996123	rs2399166	17499890	17501647
22	2570	2757	rs5746965	rs917866	17501980	17570769
22	2758	2764	rs917867	rs5994160	17570785	17574341
22	2766	2767	rs9605215	rs9606614	17579013	17579956
22	2771	2778	rs2241044	rs2302519	17581838	17585441
22	2779	2785	rs2302520	rs2241049	17585465	17587680
22	2786	2827	rs6518661	rs75243280	17587975	17601466
22	2831	2834	rs2241050	rs5746996	17603340	17603801
22	2835	2839	rs5748872	rs5746997	17603823	17605038
22	2840	2852	rs62237787	rs5748876	17605197	17608379
22	2854	2916	rs4819557	rs71312075	17609330	17620429
22	2917	2919	rs78272350	rs2286955	17620491	17622267
22	2922	2972	rs5747008	rs5994183	17623408	17636385
22	2973	2979	rs79077257	rs35285664	17637048	17638501
22	2980	3132	rs34610686	rs9617965	17639152	17668818
22	3134	3141	rs11089415	rs9606642	17668983	17669870
22	3142	3147	rs9606643	rs2286348	17669896	17671133
22	3153	3157	rs5992638	rs12157366	17676102	17676414
22	3158	3223	rs11912507	rs28607941	17676590	17694949
22	3226	3280	rs5747025	rs117990845	17697428	17712382
22	3283	3287	rs5747032	rs5748972	17713763	17715771
22	3292	3313	rs5747035	rs2041144	17718606	17723174
22	3314	3315	rs62236464	rs77254649	17723841	17723869
22	3316	3318	rs5748981	rs5747037	17724049	17724093
22	3330	3342	rs149409841	rs59441031	17726764	17728290
22	3343	3344	rs5748987	rs8141904	17728523	17729044
22	3345	3356	rs5748988	rs140707487	17729316	17733569
22	3357	3371	rs5748995	rs8142798	17734411	17737500
22	3377	3393	rs56669966	rs111912510	17739237	17744670
22	3394	3412	rs5749001	rs11089421	17746528	17754876
22	3415	3432	rs62236492	rs5747051	17757629	17763868
22	3433	3435	rs5749010	rs5747052	17765505	17766437
22	3436	3440	rs116841215	rs11089424	17766870	17769317
22	3441	3457	rs11704699	rs4819994	17770181	17781555
22	3458	3480	rs4541325	rs5749021	17782813	17787291
22	3481	3492	rs5749022	rs9606680	17787836	17789257
22	3493	3502	rs4819571	rs5994253	17789260	17793012
22	3504	3569	rs9605254	rs59402010	17795408	17812797
22	3571	3586	rs17205940	rs5747064	17813139	17817967
22	3589	3603	rs2189076	rs5749041	17819348	17825248
22	3604	3606	rs13058398	rs5994280	17825432	17826017
22	3607	3623	rs151225267	rs183407208	17826223	17829328
22	3627	3640	rs2040692	rs5749051	17831813	17834918
22	3641	3642	rs9605264	rs114023610	17835819	17835992
22	3645	3661	rs142619578	rs737915	17837775	17842731
22	3663	3669	rs9606699	rs5749060	17843124	17846171
22	3670	3694	rs13054596	rs5747084	17846754	17860253
22	3695	3696	rs9604737	rs8140339	17860634	17861077
22	3697	3701	rs11089174	rs117125875	17861131	17861572
22	3703	3713	rs9605269	rs7285871	17861872	17862268
22	3714	3777	rs75276584	rs78287228	17862762	17892060
22	3780	3781	rs5746369	rs5747113	17892898	17892900
22	3784	3785	rs4819583	rs4819584	17893220	17893226
22	3787	3790	rs4819585	rs112530582	17893478	17893725
22	3791	3821	rs7286310	rs1858757	17893850	17899209
22	3823	3912	rs5992688	rs2522314	17899634	17909998
22	3914	3918	rs1981533	rs2189078	17910586	17910952
22	3920	4041	rs5746377	rs117525811	17911826	17938603
22	4042	4049	rs5747175	rs5747180	17939887	17942014
22	4051	4157	rs117862327	rs1296751	17942726	17981752
22	4162	4164	rs76363183	rs111431757	17985863	17986364
22	4165	4168	rs4819594	rs9604752	17986811	17988804
22	4171	4238	rs17809093	rs174344	17990258	18032226
22	4240	4255	rs174346	rs174358	18036253	18043090
22	4256	4263	rs174360	rs174365	18044257	18045084
22	4264	4285	rs174366	rs438858	18046680	18053139
22	4288	4292	rs1296811	rs416422	18054821	18055357
22	4293	4323	rs1296812	rs174371	18055605	18061337
22	4324	4720	rs1003494	rs1296687	18062987	18231046
22	4722	4747	rs181403	rs181415	18232653	18240260
22	4751	4774	rs415050	rs443912	18242182	18257138
22	4776	4779	rs8190256	rs5992102	18258344	18259810
22	4781	4782	rs391085	rs9605406	18261587	18262301
22	4783	4784	rs372204	rs5992103	18262517	18262767
22	4786	4788	rs401416	rs408656	18262946	18263268
22	4789	4791	rs430438	rs1076489	18263400	18265172
22	4793	4797	rs741458	rs34138371	18265683	18268130
22	4798	4804	rs5992840	rs79268089	18268442	18271491
22	4805	4808	rs451548	rs429357	18274092	18277314
22	4811	4812	rs117602899	rs5992846	18279987	18280602
22	4813	4820	rs401224	rs5992105	18280799	18283247
22	4821	4863	rs7291975	rs399757	18283876	18295575
22	4864	4970	rs1550663	rs2587112	18296238	18326823
22	4973	5025	rs2587114	rs9617633	18329146	18362573
22	5027	5289	rs9604798	rs2007946	18363387	18481510
22	5291	5313	rs9605487	rs61263523	18483230	18487899
22	5314	5320	rs9617650	rs443435	18488883	18490517
22	5324	5325	rs9605491	rs416858	18492179	18492749
22	5326	5327	rs112339121	rs452911	18493083	18493402
22	5328	5332	rs450718	rs9618183	18493980	18494937
22	5333	5335	rs5747442	rs5992968	18495139	18495216
22	5337	5437	rs366892	rs4819661	18495947	18518829
22	5439	5454	rs465508	rs13055375	18519998	18523589
22	5455	5475	rs111457686	rs464516	18523594	18531472
22	5476	5504	rs13055984	rs460485	18531698	18540577
22	5505	5521	rs11703193	rs2401503	18542023	18551344
22	5522	5529	rs17809705	rs73376806	18552662	18556046
22	5530	5601	rs464541	rs8141104	18562888	18591993
22	5602	5625	rs362027	rs362195	18594928	18609046
22	5627	5628	rs362203	rs361776	18609642	18609854
22	5629	5631	rs362249	rs362185	18610110	18610286
22	5632	5641	rs71328267	rs8140197	18610350	18613045
22	5644	5715	rs5746517	rs1011732	18616930	18646011
22	5716	5738	rs5993028	rs2075296	18648861	18652993
22	5741	5742	rs7287466	rs7291057	18655790	18655798
22	5744	5755	rs5992191	rs148297047	18657000	18670610
22	5757	5758	rs528898178	rs190196306	18687486	18687488
22	5761	5763	rs184438347	rs191234665	18716296	18716475
22	5766	5770	rs62654761	rs62654763	18719172	18720257
22	5775	5781	rs568557702	rs375954497	18721373	18721457
22	5782	5801	rs62231742	rs371568123	18725649	18728794
22	5808	5822	rs618343	rs62232528	18737279	18750851
22	5825	5826	rs61377324	rs141767387	18769319	18769324
22	5827	5829	rs2416647	rs391231	18769341	18769398
22	5844	5845	rs201694183	rs76878028	18801657	18802113
22	5849	5850	rs201997337	rs4819497	18806197	18807103
22	5853	5854	rs510174	rs75920524	18822486	18823680
22	5857	5859	rs557820762	rs3897543	18828058	18828469
22	5861	5863	rs200815477	rs201639023	18832515	18832978
22	5865	5866	rs370583453	rs563234739	18833578	18833583
22	5869	5881	rs62231276	rs9605823	18835221	18841637
22	5887	5892	rs2083330	rs140429	18843686	18844106
22	5894	5929	rs140411	rs34497341	18844942	18875304
22	5930	5932	rs5746627	rs7510721	18875519	18875532
22	5933	5961	rs2543958	rs200008014	18877787	18885495
22	5962	5963	rs199698703	rs200778619	18886264	18886268
22	5964	5966	rs62232337	rs75283034	18886500	18886505
22	5968	5993	rs144073979	rs370780	18886814	18892714
22	5994	5996	rs380554	rs3810600	18892948	18893248
22	5997	6095	rs5993409	rs2238734	18894058	18920106
22	6097	6099	rs4819759	rs3788288	18921223	18922022
22	6100	6103	rs1814288	rs9604911	18923383	18924956
22	6104	6112	rs2540625	rs62233461	18926380	18931077
22	6113	6115	rs200660862	rs12158908	18931536	18932671
22	6116	6192	rs5993426	rs11705361	18935609	18958674
22	6193	6204	rs2540636	rs2019061	18958916	18963340
22	6205	6306	rs57007861	rs74690294	18964539	18985977
22	6307	6868	rs75296969	rs80231873	18987039	19130860
22	6870	6871	rs2298274	rs737923	19132061	19132325
22	6872	6902	rs1936950	rs4819779	19132380	19138442
22	6906	6931	rs12484548	rs11089256	19140990	19145050
22	6933	6934	rs5993546	rs4819780	19145323	19145553
22	6935	6937	rs5746666	rs6518527	19145567	19145676
22	6940	6941	rs9618492	rs12160010	19145975	19146102
22	6942	6984	rs2871015	rs9618501	19146175	19152344
22	6985	7808	rs4819507	rs7288308	19152772	19526626
22	7809	7816	rs2904559	rs4819514	19527289	19532448
22	7819	7885	rs7293193	rs5748309	19534336	19566365
22	7886	8009	rs5748310	rs9618621	19567136	19594614
22	8012	8086	rs28444272	rs713801	19596695	19631456
22	8088	8090	rs28560290	rs13055204	19633151	19633250
22	8091	8098	rs5748363	rs5748374	19633486	19639071
22	8099	8101	rs5748375	rs2106141	19639288	19639693
22	8104	8107	rs5746807	rs5748378	19640218	19640462
22	8108	8116	rs13055049	rs16984538	19641083	19643555
22	8118	8127	rs9606111	rs5993765	19644303	19649540
22	8128	8130	rs8136246	rs1541327	19653002	19654562
22	8131	8181	rs5748391	rs5748404	19659099	19683382
22	8182	8191	rs5993804	rs5748405	19684384	19686580
22	8192	8194	rs9606143	rs9605007	19686703	19686780
22	8196	8197	rs1473106	rs1473107	19687045	19687179
22	8198	8228	rs5993811	rs117144641	19687293	19703170
22	8232	8234	rs531826750	rs562372028	19713367	19713370
22	8239	8240	rs4819836	rs2157733	19717620	19717722
22	8241	8242	rs5748410	rs4819837	19718144	19718379
22	8244	8264	rs4819838	rs737870	19719794	19725453
22	8265	8280	rs117117770	rs5748415	19726707	19729424
22	8282	8283	rs41295192	rs41295200	19730074	19730388
22	8287	8305	rs747226	rs737868	19735162	19747082
22	8307	8314	rs41298814	rs72646967	19750773	19754091
22	8315	8421	rs2238774	rs5748449	19757339	19808769
22	8424	8456	rs3788302	rs4819844	19810855	19858067
22	8457	8473	rs1005131	rs2073750	19858980	19873357
22	8475	8480	rs9606171	rs1015471	19874209	19878514
22	8481	8482	rs3827289	rs3804047	19878752	19879637
22	8483	8538	rs5993853	rs76011333	19879938	19907977
22	8539	8540	rs1978055	rs1978057	19908023	19908143
22	8543	8552	rs12484807	rs9306229	19908543	19912015
22	8555	8556	rs79684681	rs9606181	19912676	19912677
22	8557	8649	rs5993871	rs5993882	19913093	19937533
22	8650	8651	rs5993883	rs76157168	19937638	19938709
22	8653	8674	rs112080665	rs740603	19938759	19945177
22	8675	8676	rs138433986	rs11912354	19947346	19947347
22	8677	8678	rs9606196	rs174695	19947389	19947469
22	8680	8695	rs165656	rs165895	19948863	19953059
22	8697	8820	rs174697	rs9606210	19953832	20005258
22	8821	8879	rs3788322	rs2531711	20006040	20023303
22	8881	8884	rs9606221	rs7288316	20025767	20026525
22	8888	9203	rs389471	rs57629764	20028541	20149659
22	9206	9207	rs371812250	rs376582503	20151057	20151063
22	9210	9211	rs374075810	rs377630375	20151773	20151776
22	9212	9213	rs139580779	rs453205	20151799	20152559
22	9214	9219	rs62218079	rs603084	20152862	20154768
22	9220	9282	rs373747	rs36049196	20155192	20169909
22	9283	9285	rs373487	rs617427	20169913	20171368
22	9286	9289	rs74880766	rs671840	20171375	20171814
22	9290	9335	rs117780955	rs589754	20171876	20179503
22	9336	9341	rs76414747	rs917837	20180071	20181211
22	9342	9389	rs58263193	rs56254303	20182069	20192587
22	9390	9394	rs640836	rs589089	20193114	20196469
22	9396	9402	rs730669	rs5993934	20201954	20204924
22	9403	9432	rs1642170	rs77569499	20205780	20216859
22	9433	9437	rs854967	rs9605091	20217628	20219492
22	9438	9452	rs117703390	rs56729142	20219641	20223469
22	9453	9460	rs78851436	rs13433575	20223508	20227384
22	9461	9462	rs701430	rs5993937	20227551	20227955
22	9465	9466	rs701427	rs854971	20233268	20233429
22	9467	9497	rs117611205	rs58754659	20233746	20246447
22	9498	9564	rs117839889	rs145876893	20247997	20277325
22	9569	9589	rs9617872	rs148492600	20278953	20295526
22	9593	9643	rs141053532	rs9617876	20301346	20330744
22	9645	9649	rs200279950	rs200564038	20341138	20351704
22	9650	9651	rs199730484	rs113612733	20351792	20351819
22	9655	9656	rs140439240	rs202219541	20361621	20361622
22	9660	9661	rs202041794	rs372514025	20368169	20368264
22	9662	9758	rs2542835	rs1659630	20371297	20502771
22	9761	9766	rs376970331	rs2930752	20505468	20508531
22	9776	9779	rs372781346	rs9611301	20627874	20629387
22	9781	9795	rs144932868	rs62220049	20639230	20640462
22	9796	9803	rs376378248	rs572552379	20640559	20651355
22	9807	9808	rs111383011	rs147969392	20657336	20657402
22	9815	9820	rs2570607	rs71313956	20659522	20660080
22	9821	9822	rs546242842	rs201788402	20660488	20660532
22	9823	9824	rs200333335	rs540495340	20663144	20663250
22	9826	9899	rs62221376	rs1807536	20704319	20718692
22	9903	9923	rs2542096	rs78043622	20719256	20731939
22	9925	9926	rs362243	rs77021806	20733667	20735224
22	9927	9933	rs6004065	rs13056016	20735994	20739059
22	9939	9943	rs361689	rs362215	20742450	20744111
22	9944	9949	rs362125	rs35012563	20745201	20749042
22	9950	10340	rs12233360	rs361989	20749335	20945319
22	10341	10343	rs165591	rs654880	20946302	20946457
22	10345	10361	rs165638	rs59461209	20946863	20949365
22	10363	10364	rs58792806	rs12160007	20949549	20949578
22	10370	10394	rs362089	rs165703	20950473	20956441
22	10395	10419	rs5759527	rs13433634	20956600	20961189
22	10420	10447	rs17819593	rs473304	20962028	20967450
22	10448	10490	rs619770	rs555454	20968583	20984033
22	10491	10516	rs78263078	rs2080195	20984391	20991771
22	10517	10537	rs759224	rs11090308	20993328	20998885
22	10539	10540	rs526119	rs7290923	20999190	20999208
22	10541	10549	rs73877729	rs57434751	21000252	21001472
22	10550	10603	rs2058554	rs5751689	21002437	21016306
22	10605	11380	rs5759874	rs193160127	21017148	21315631
22	11381	11406	rs138359079	rs117499382	21315973	21321857
22	11408	11412	rs2011016	rs730351	21322585	21323369
22	11414	11428	rs178258	rs117013289	21323791	21329819
22	11429	11430	rs178267	rs178268	21330179	21330266
22	11432	11454	rs178272	rs178287	21331629	21340088
22	11459	11605	rs67648101	rs2516530	21343391	21374135
22	11606	11607	rs59123904	rs8141816	21374501	21374550
22	11610	11612	rs425174	rs2541943	21375101	21376092
22	11614	11649	rs1548411	rs5762046	21377301	21396651
22	11650	11688	rs6005351	rs145603136	21396825	21416894
22	11691	11751	rs447258	rs1210583	21417823	21435788
22	11752	11753	rs117851993	rs112102865	21436449	21437089
22	11754	11755	rs1210584	rs1210585	21437458	21437561
22	11756	11765	rs1210586	rs421390	21437772	21438417
22	11767	11768	rs363985	rs363956	21439398	21439407
22	11769	11831	rs416460	rs406212	21439515	21453988
22	11833	11858	rs433457	rs140394	21457646	21465226
22	11859	11860	rs75217185	rs73166608	21469230	21469233
22	11861	11866	rs546094490	rs568508712	21469724	21473624
22	11868	11869	rs368379263	rs529191032	21475717	21475925
22	11875	11876	rs547466494	rs570647601	21479256	21479303
22	11878	11880	rs374162301	rs3894039	21482553	21482853
22	11882	11883	rs201289190	rs201829037	21493165	21493169
22	11895	11896	rs201962002	rs200265812	21538962	21538976
22	11897	11900	rs534230989	rs79363392	21541076	21548260
22	11902	11904	rs556144556	rs146289643	21548896	21549489
22	11905	11906	rs543739871	rs556134266	21550908	21550909
22	11909	11912	rs62240951	rs541791766	21555363	21555717
22	11913	11927	rs572407113	rs200901685	21556989	21560491
22	11928	11955	rs55849526	rs147033018	21560662	21575393
22	11957	11959	rs374267763	rs201632924	21579692	21579897
22	11969	11970	rs542077417	rs562358317	21589876	21589877
22	11974	11976	rs200909251	rs79457759	21606391	21610500
22	11980	11981	rs62231263	rs62231264	21624868	21624884
22	11990	11991	rs200029558	rs201622395	21641208	21641884
22	11994	11995	rs368543929	rs28374663	21644653	21644684
22	11998	11999	rs570705682	rs568872711	21648747	21648835
22	12002	12003	rs377368605	rs374730536	21663206	21663288
22	12006	12007	rs527655711	rs547783075	21671369	21671372
22	12008	12009	rs4018840	rs62236700	21675756	21679500
22	12011	12016	rs36155614	rs375428700	21680976	21682072
22	12017	12021	rs111213245	rs201059610	21682130	21685790
22	12023	12024	rs9606805	rs62236722	21691820	21693524
22	12026	12033	rs543267146	rs200257031	21696939	21704513
22	12034	12036	rs386506	rs62236757	21709667	21710267
22	12037	12051	rs117655003	rs62237267	21711440	21718264
22	12054	12096	rs200720171	rs576084083	21719813	21739212
22	12099	12100	rs76774967	rs536446253	21757780	21765049
22	12102	12327	rs137976700	rs5749600	21792691	21999292
22	12328	12329	rs5754513	rs71314788	22000006	22000109
22	12333	12530	rs1210390	rs5994840	22002328	22080878
22	12531	12553	rs9607209	rs542759996	22081867	22097891
22	12555	12775	rs9610216	rs9610533	22098687	22233923
22	12780	12818	rs12158712	rs240049	22236754	22260576
22	12825	12837	rs8140372	rs5995189	22266436	22268772
22	12842	12977	rs9610608	rs5995345	22272737	22342247
22	12978	12979	rs11704248	rs11704184	22342992	22343054
22	12980	12989	rs1866859	rs5756404	22343553	22353549
22	12992	12993	rs56786473	rs60830188	22372593	22373468
22	12994	13003	rs79265823	rs431733	22380920	22389011
22	13005	13006	rs368014	rs1372070	22394743	22394749
22	13009	13036	rs5750426	rs2213143	22397024	22401216
22	13037	13038	rs5750427	rs1894239	22401267	22401536
22	13039	13040	rs6000713	rs13340040	22401979	22402103
22	13041	13042	rs5750432	rs6000722	22402940	22403123
22	13043	13198	rs5750433	rs6000876	22404460	22437214
22	13200	13331	rs5756807	rs5756876	22437655	22462460
22	13332	13335	rs118056490	rs117076163	22462726	22463158
22	13336	13459	rs12172019	rs5756975	22463325	22484010
22	13461	13513	rs61663167	rs2105816	22484249	22489272
22	13514	13634	rs5757006	rs12485106	22489314	22511432
22	13635	13703	rs5757106	rs5750624	22511467	22519747
22	13705	13708	rs4239891	rs4821794	22520067	22520725
22	13709	13722	rs4820338	rs5757175	22521058	22523091
22	13723	13724	rs5750641	rs5750642	22523198	22523271
22	13725	13776	rs6001170	rs713624	22523351	22535144
22	13778	13899	rs12484945	rs2282665	22535895	22550982
22	13900	13901	rs6001297	rs5757343	22551782	22551837
22	13904	13905	rs28594242	rs28687137	22552415	22552429
22	13907	13908	rs9611214	rs9611215	22552844	22552919
22	13909	13956	rs9623062	rs10427960	22553664	22557418
22	13957	13963	rs2330037	rs2330038	22557803	22558310
22	13964	14005	rs4821847	rs58508728	22558500	22563628
22	14006	14074	rs5757427	rs8142814	22564734	22579130
22	14075	14210	rs5757508	rs5757634	22579341	22598207
22	14211	14471	rs5757639	rs8140634	22598724	22697014
22	14473	14476	rs2073456	rs2073458	22697358	22698552
22	14478	14479	rs5757926	rs5757927	22699071	22699092
22	14480	14493	rs16987355	rs992036	22700102	22703958
22	14494	14750	rs17493184	rs5758132	22703976	22755065
22	14752	15036	rs5751012	rs7288160	22757275	22866460
22	15037	15098	rs362004	rs362208	22866773	22874965
22	15100	15121	rs361660	rs5996124	22875537	22878175
22	15123	15148	rs2016187	rs738888	22878812	22880986
22	15149	15153	rs5758648	rs7290821	22881842	22885076
22	15154	15155	rs8136709	rs9612000	22886626	22887191
22	15156	15190	rs76504257	rs2283800	22889246	22899414
22	15195	15302	rs145692667	rs12158077	22900984	22922750
22	15303	15354	rs6002818	rs11090169	22922798	22928277
22	15355	15374	rs531333767	rs5758882	22928296	22931773
22	15376	15377	rs1557617	rs1557618	22932152	22932241
22	15379	15420	rs715516	rs5759061	22936815	22957510
22	15422	15428	rs1550182	rs2157708	22958130	22959307
22	15429	15438	rs75455162	rs5759112	22959377	22965702
22	15441	15469	rs5759122	rs201730103	22966220	22974789
22	15471	15473	rs147621422	rs74621559	22975331	22975357
22	15479	15480	rs28445477	rs4239905	22976532	22976554
22	15481	15482	rs140426	rs484280	22976787	22976867
22	15483	15508	rs3890998	rs369331821	22977049	22978345
22	15510	15515	rs570819789	rs375662422	22978494	22978657
22	15516	15517	rs4050724	rs74506182	22978886	22978887
22	15518	15520	rs28634263	rs62228107	22979017	22979271
22	15522	15523	rs497092	rs200462088	22979565	22979631
22	15524	15539	rs185006637	rs202067022	22979664	22984022
22	15541	15542	rs71316770	rs201125234	22985443	22985746
22	15543	15735	rs200849081	rs370343	22986606	23022242
22	15736	15737	rs11703101	rs11703025	23022487	23022520
22	15739	15828	rs119032	rs117046163	23023745	23044010
22	15829	15831	rs5759379	rs5751522	23045012	23045403
22	15835	15836	rs8137414	rs8140900	23046101	23046118
22	15838	15839	rs5751524	rs6003230	23046346	23046419
22	15840	15921	rs116115767	rs2304529	23046479	23056185
22	15922	16382	rs4449239	rs74478288	23056268	23127276
22	16383	16384	rs57484741	rs16992629	23127500	23127667
22	16385	16394	rs5759472	rs4820530	23128109	23130498
22	16396	16449	rs4822318	rs11090186	23132910	23152650
22	16452	16506	rs4822324	rs427693	23155988	23186463
22	16507	16551	rs9623951	rs5751558	23187853	23220565
22	16553	16554	rs383391	rs444812	23222208	23222486
22	16557	16558	rs12628851	rs394321	23223261	23223278
22	16559	16573	rs388736	rs113058696	23223858	23225093
22	16575	16577	rs9608047	rs5751559	23225190	23225953
22	16580	16581	rs376101	rs4820535	23229029	23229190
22	16582	16583	rs428457	rs381819	23229918	23230001
22	16584	16586	rs73164951	rs9623964	23231328	23231755
22	16588	16604	rs2066998	rs2519497	23238210	23242003
22	16605	16690	rs199815421	rs463160	23242665	23278808
22	16692	16693	rs7510817	rs2188131	23281338	23281596
22	16694	16700	rs9612167	rs5759543	23282110	23283834
22	16701	16706	rs10470284	rs8137688	23284781	23285694
22	16709	16710	rs74509677	rs62220907	23319952	23354668
22	16714	16718	rs5759571	rs3788337	23377472	23412017
22	16719	17007	rs5759577	rs5759653	23415146	23575660
22	17008	17011	rs2213172	rs5759655	23579510	23583627
22	17013	17014	rs5759658	rs80233084	23584430	23584441
22	17017	17204	rs5759661	rs4822385	23587341	23664054
22	17206	17312	rs6003620	rs5759739	23665356	23691564
22	17314	17325	rs8141847	rs10427608	23696464	23702130
22	17326	17358	rs2186359	rs6003667	23704813	23717556
22	17360	17396	rs9612337	rs117801694	23717854	23724295
22	17397	17399	rs8137940	rs5996530	23724686	23724709
22	17400	17402	rs6003673	rs8135281	23725728	23726269
22	17403	17450	rs4820552	rs1807113	23728769	23734930
22	17453	17462	rs8135826	rs6003688	23735649	23738649
22	17464	17467	rs59401939	rs5996535	23739495	23740343
22	17468	17537	rs5996536	rs2330456	23740521	23761236
22	17538	17564	rs2076934	rs4822408	23761306	23764272
22	17565	17566	rs9624151	rs4822409	23764710	23765006
22	17567	17568	rs4822410	rs5759799	23765265	23765407
22	17569	17744	rs6003705	rs2000464	23765953	23807739
22	17745	17754	rs5759825	rs6003732	23808296	23813486
22	17755	17758	rs4995989	rs561623844	23814252	23814264
22	17760	17763	rs149314702	rs146837532	23814725	23814939
22	17764	17826	rs201076418	rs5996561	23814943	23830765
22	17829	17888	rs7285927	rs5759855	23831962	23849044
22	17890	17891	rs9612366	rs4822420	23850130	23850298
22	17894	17895	rs145603967	rs140827489	23851621	23851629
22	17896	18011	rs6003752	rs4084077	23851701	23874838
22	18012	18013	rs10854771	rs5759890	23875059	23875184
22	18016	18030	rs131392	rs73155091	23877257	23879578
22	18031	18136	rs25271	rs2282474	23879817	23921581
22	18139	18140	rs131422	rs131423	23923425	23923488
22	18141	18143	rs131425	rs131427	23923880	23924327
22	18146	18158	rs12627824	rs131433	23925335	23933452
22	18159	18169	rs12170095	rs11704691	23934238	23936573
22	18170	18176	rs5759909	rs56195344	23936874	23937164
22	18177	18183	rs138696970	rs111580635	23937325	23937381
22	18185	18221	rs3747125	rs9612389	23937732	23949555
22	18225	18235	rs34140548	rs6003815	23951928	23960187
22	18239	18551	rs13055561	rs12167648	23965020	24091760
22	18553	18572	rs2096524	rs7284321	24093139	24096965
22	18573	18574	rs9612418	rs4822437	24097015	24097972
22	18576	18955	rs139131963	rs8138673	24098259	24189032
22	18956	18957	rs5760068	rs5760069	24189068	24189277
22	18958	18959	rs6519479	rs6003920	24189435	24189443
22	18960	18961	rs144180491	rs9612489	24190393	24190686
22	18962	18969	rs6003922	rs738803	24191014	24192879
22	18972	19000	rs5760071	rs6003934	24194941	24208382
22	19002	19032	rs4428104	rs9612499	24210050	24224659
22	19034	19035	rs6003939	rs5996626	24227246	24227928
22	19037	19038	rs8141314	rs9306391	24228937	24230409
22	19041	19526	rs5760089	rs738809	24232507	24405492
22	19528	19530	rs9624386	rs55821428	24407334	24407619
22	19531	19555	rs5760179	rs7291031	24411653	24435843
22	19556	20264	rs5760186	rs2012212	24435954	24938330
22	20265	20271	rs1004134	rs12170895	24938455	24943294
22	20272	20312	rs762283	rs140762045	24943582	24966040
22	20313	20331	rs2330887	rs2236626	24966393	24979447
22	20335	20451	rs9306395	rs4822528	24986145	25053775
22	20452	20453	rs540567502	rs9608318	25055515	25055518
22	20455	20612	rs6004220	rs4822535	25057712	25099898
22	20614	20617	rs5996749	rs5996750	25100466	25100905
22	20618	20645	rs9624565	rs2007386	25101796	25109069
22	20646	20700	rs131483	rs66468952	25109920	25136529
22	20701	20891	rs1074641	rs139608	25142030	25190479
22	20892	20903	rs9624612	rs139616	25190577	25197828
22	20904	20924	rs175660	rs3818061	25198505	25209377
22	20926	20980	rs2295102	rs2330928	25209753	25219697
22	20982	20991	rs7289918	rs5760692	25220600	25222902
22	20993	20994	rs139625	rs6004301	25223920	25224380
22	20995	21075	rs139626	rs2330932	25224556	25237008
22	21078	21082	rs139658	rs139659	25237029	25237278
22	21083	21209	rs73155750	rs139719	25237941	25282765
22	21210	21211	rs73157909	rs199948999	25282986	25283125
22	21212	21231	rs4541332	rs9624646	25283602	25285962
22	21232	21235	rs5752013	rs139727	25286016	25286529
22	21236	21241	rs139728	rs5760710	25286536	25288070
22	21242	21273	rs12484800	rs139737	25288982	25297513
22	21275	21301	rs139739	rs139760	25297965	25306214
22	21302	21471	rs6004356	rs6004380	25306778	25369537
22	21472	21477	rs5752032	rs2103587	25370785	25374503
22	21478	21512	rs116991146	rs760739	25374589	25392304
22	21513	21548	rs5760782	rs114865133	25392832	25411878
22	21549	21550	rs74279146	rs117915970	25413076	25413771
22	21555	21556	rs115437381	rs11912332	25419524	25420696
22	21557	21562	rs9306403	rs114171339	25426113	25445405
22	21563	21594	rs116141149	rs5760825	25448001	25462634
22	21596	21635	rs5760827	rs738325	25464161	25475354
22	21636	21637	rs67662439	rs742161	25476062	25476552
22	21638	21933	rs55664219	rs732706	25476584	25600699
22	21936	21937	rs56398932	rs2283809	25601489	25602569
22	21939	21940	rs2252880	rs2283810	25602784	25602790
22	21942	21949	rs143364524	rs531229622	25603766	25603808
22	21950	21952	rs5752080	rs73162227	25603832	25603951
22	21953	22010	rs57783471	rs4822581	25604188	25613571
22	22013	22023	rs147726651	rs969623	25614180	25616213
22	22024	22026	rs2267078	rs16979774	25616451	25617346
22	22027	22030	rs117457580	rs77893393	25617436	25617828
22	22031	22034	rs8141023	rs6004490	25618507	25619339
22	22035	22062	rs9612893	rs5996863	25619836	25628097
22	22064	22065	rs5760930	rs57498848	25628386	25628614
22	22069	22070	rs12628038	rs12628079	25628974	25628975
22	22072	22073	rs7293016	rs35033180	25628998	25629032
22	22074	22108	rs12628377	rs6004496	25629261	25637419
22	22110	22154	rs6004497	rs11090379	25637494	25644827
22	22156	22157	rs113022823	rs150848911	25645457	25645629
22	22160	22183	rs5760936	rs9612921	25647225	25661725
22	22189	22309	rs138555	rs5752117	25663476	25687349
22	22310	22314	rs5996897	rs9620514	25687403	25689123
22	22315	22410	rs2179245	rs111425583	25689246	25710957
22	22411	22412	rs74426187	rs150898284	25711033	25711066
22	22413	22449	rs5760996	rs2331024	25711503	25713967
22	22450	22451	rs2064141	rs2330574	25714110	25714113
22	22453	22653	rs2064142	rs6004610	25714180	25776810
22	22655	22656	rs117769403	rs143155532	25777649	25777981
22	22657	22747	rs6004611	rs713774	25778013	25811320
22	22749	22763	rs148394987	rs1207618	25812940	25822435
22	22765	22777	rs1207621	rs11090393	25824353	25829324
22	22778	22779	rs5761064	rs5761065	25829956	25829989
22	22782	23051	rs58032555	rs35224782	25831415	25929538
22	23055	23058	rs9612986	rs73882621	25931437	25931718
22	23059	23060	rs616757	rs496796	25931987	25932542
22	23061	23066	rs116993901	rs117786379	25933038	25933592
22	23068	23069	rs558934	rs652099	25934721	25934878
22	23070	23071	rs116954501	rs199534232	25935758	25936453
22	23072	23073	rs540326	rs542162	25937821	25938025
22	23074	23219	rs5761102	rs2748228	25938944	26124432
22	23220	23221	rs12627968	rs5761162	26126015	26126903
22	23222	23234	rs8139277	rs8140943	26127420	26132943
22	23235	23296	rs133847	rs13058625	26133775	26151331
22	23297	23299	rs73398041	rs9613013	26152165	26152738
22	23300	23305	rs5761165	rs35275115	26154508	26156370
22	23306	23311	rs112166231	rs133876	26156401	26156554
22	23312	23313	rs12158009	rs17623980	26156600	26157144
22	23314	23344	rs6004758	rs133902	26157299	26164079
22	23347	23573	rs2743845	rs5761251	26165807	26212226
22	23574	23636	rs5761253	rs2748219	26213684	26231951
22	23638	23641	rs12167251	rs9624915	26232271	26233343
22	23642	23720	rs117424960	rs695351	26233500	26255048
22	23723	23724	rs695312	rs12157749	26256559	26256918
22	23725	23756	rs4820660	rs1573755	26257024	26270464
22	23757	23758	rs2072013	rs16980942	26270632	26272460
22	23759	23792	rs695674	rs695670	26273202	26278468
22	23794	23795	rs7287246	rs2157538	26279964	26280462
22	23797	23798	rs73407512	rs6004809	26281177	26281210
22	23800	23822	rs76029065	rs2066935	26282048	26294513
22	23824	23895	rs5761303	rs2187938	26297933	26328932
22	23898	23938	rs1013815	rs882432	26330370	26347844
22	23942	23956	rs8140409	rs6004862	26350872	26378073
22	23958	24035	rs6004865	rs12484097	26379879	26411768
22	24036	24038	rs6004895	rs6004897	26412755	26412923
22	24039	24051	rs5761354	rs4820668	26414388	26419808
22	24053	24108	rs111426852	rs5752262	26421188	26456367
22	24111	24123	rs16981296	rs972996	26457784	26467382
22	24125	24195	rs5752264	rs134740	26472646	26521071
22	24197	24198	rs12484218	rs5761381	26524745	26527066
22	24199	24278	rs9608462	rs143224688	26528017	26618475
22	24279	24280	rs8142231	rs9613132	26618696	26619070
22	24281	24339	rs75933260	rs1207404	26619211	26639807
22	24340	24346	rs79324551	rs56074388	26639835	26640354
22	24347	24359	rs1207405	rs2073258	26640849	26643779
22	24360	24431	rs2281423	rs5761459	26644568	26662262
22	24433	24452	rs142270332	rs641097	26674400	26684505
22	24453	24454	rs111418562	rs11705576	26687101	26687521
22	24456	24553	rs117530018	rs139849003	26688115	26717688
22	24556	24557	rs688545	rs628319	26718872	26718894
22	24559	24588	rs62225709	rs4822706	26719976	26729721
22	24589	24592	rs16981773	rs2331246	26729999	26730293
22	24593	24599	rs73158646	rs73158651	26730347	26731331
22	24600	24601	rs5761481	rs3788386	26731656	26732144
22	24602	24603	rs3788387	rs650293	26732208	26732398
22	24604	24606	rs3788389	rs6005016	26732943	26733299
22	24607	24624	rs3788391	rs6005018	26733689	26737148
22	24627	24645	rs629429	rs5761492	26737966	26746833
22	24646	24647	rs6005019	rs1207363	26746902	26747514
22	24648	24669	rs112383740	rs6519648	26747765	26755614
22	24671	24737	rs641922	rs4387911	26767843	26791431
22	24740	24741	rs59337862	rs7284838	26792243	26792326
22	24744	24745	rs4822717	rs5752319	26792596	26792643
22	24747	24749	rs71321088	rs9306425	26793038	26793190
22	24750	24806	rs514593	rs34393421	26793593	26808038
22	24808	24811	rs631442	rs2017289	26809873	26811387
22	24812	24818	rs587179	rs8136086	26812756	26821469
22	24820	25004	rs12152162	rs5761573	26823360	26913264
22	25005	25029	rs134150	rs4275	26914643	26921725
22	25031	25057	rs2283815	rs73160896	26922545	26929088
22	25058	25150	rs4822731	rs4820686	26929173	26952363
22	25151	25171	rs13053905	rs9613209	26952508	26956392
22	25172	25190	rs9613210	rs7291557	26956495	26958684
22	25193	25227	rs2283831	rs763090	26959826	26970016
22	25229	25237	rs9613216	rs58967993	26971155	26973773
22	25238	25282	rs12628057	rs56123451	26974172	26995967
22	25284	25287	rs76625778	rs2301438	26996946	26997342
22	25288	25428	rs2301439	rs16982515	26997383	27041283
22	25429	25432	rs744016	rs763271	27042106	27043233
22	25434	25444	rs763273	rs4822761	27043594	27046685
22	25446	25448	rs4820694	rs7290586	27048007	27048408
22	25449	25665	rs16982543	rs5761701	27048858	27116364
22	25672	25701	rs4822782	rs73165479	27117672	27128097
22	25702	25718	rs28360616	rs5761718	27129463	27136316
22	25719	25761	rs200966972	rs5752406	27136852	27149768
22	25766	25783	rs533859348	rs67261683	27152569	27159903
22	25784	25785	rs1476034	rs1476035	27161035	27161060
22	25787	25805	rs79211766	rs9608518	27161876	27179946
22	25807	25841	rs9613262	rs713751	27182539	27189835
22	25842	25853	rs2285156	rs4820712	27190216	27192863
22	25854	25858	rs73167423	rs73167426	27193830	27194757
22	25861	25864	rs713862	rs739229	27196477	27198800
22	25869	25897	rs882754	rs4140631	27201909	27209227
22	25901	25903	rs2213707	rs2227187	27211191	27211572
22	25904	25928	rs5761770	rs10483127	27211876	27222286
22	25931	25948	rs6005194	rs136500	27226407	27234422
22	25949	25960	rs136501	rs136508	27235331	27238805
22	25961	26022	rs7285447	rs136561	27239805	27259889
22	26023	26097	rs2331308	rs9620643	27261517	27295234
22	26100	26113	rs12484868	rs16983092	27297719	27299731
22	26114	26139	rs4820717	rs4497966	27300463	27306830
22	26140	26142	rs5752438	rs9613296	27307722	27309798
22	26143	26144	rs916370	rs916371	27309981	27310116
22	26146	26202	rs5997139	rs5761839	27311292	27326221
22	26204	26205	rs5761840	rs5761841	27327202	27327213
22	26206	26263	rs5761842	rs1011772	27327701	27339652
22	26265	26297	rs4525793	rs56291802	27339913	27364610
22	26300	26303	rs5752457	rs2877347	27368219	27368751
22	26304	26342	rs5761883	rs4586744	27369762	27393950
22	26346	26371	rs13055239	rs9608565	27395292	27403729
22	26373	26374	rs5761898	rs12710564	27405169	27405358
22	26377	26410	rs61374331	rs61438424	27405668	27416523
22	26413	26432	rs76302097	rs134933	27417633	27425790
22	26437	26472	rs59433790	rs5752470	27428860	27436940
22	26474	26475	rs9608569	rs9613352	27437303	27437467
22	26476	26546	rs5761920	rs73416473	27437550	27459563
22	26547	26548	rs2331366	rs5761936	27459722	27460793
22	26549	26574	rs73171607	rs16983590	27460811	27472516
22	26577	26608	rs59236562	rs9608575	27473132	27486722
22	26611	26620	rs9613372	rs5752486	27487242	27491043
22	26621	26700	rs5761962	rs738151	27492463	27519122
22	26701	26702	rs134942	rs134943	27519617	27519787
22	26703	26725	rs16983756	rs5752495	27520665	27530318
22	26726	26727	rs5761999	rs5762000	27530922	27530934
22	26728	26745	rs116122778	rs113356475	27531990	27538762
22	26746	26765	rs5762004	rs1028286	27539202	27545303
22	26769	26799	rs6005311	rs9625168	27548094	27559540
22	26801	26898	rs7287230	rs497368	27559902	27608301
22	26899	26902	rs551334	rs556733	27609597	27610165
22	26903	26921	rs471216	rs6005338	27610637	27618036
22	26922	26923	rs5997200	rs9613403	27618267	27619844
22	26924	26926	rs508576	rs535842	27620514	27621151
22	26927	26964	rs76620881	rs9613409	27621339	27635001
22	26965	26966	rs875101	rs875100	27636138	27636146
22	26969	26992	rs5762042	rs483241	27636606	27643302
22	26993	26994	rs16984038	rs12628789	27644305	27644571
22	26997	26998	rs9625190	rs9625191	27644840	27644841
22	27000	27002	rs552212	rs549378	27644949	27645258
22	27003	27035	rs549141	rs73153914	27645864	27655025
22	27038	27065	rs513961	rs5997207	27656908	27662473
22	27066	27070	rs521957	rs5762051	27662635	27663166
22	27071	27080	rs713855	rs134797	27663248	27669836
22	27082	27089	rs134799	rs134806	27670348	27673211
22	27090	27093	rs134808	rs134812	27674189	27675238
22	27096	27118	rs116732461	rs6005366	27683850	27693121
22	27122	27218	rs11090481	rs55832061	27696913	27729434
22	27219	27220	rs545614	rs568561	27729548	27729742
22	27222	27277	rs78654296	rs553327	27730189	27742618
22	27278	27412	rs13057697	rs8138626	27743999	27773323
22	27413	27414	rs5762099	rs8137706	27773333	27773685
22	27415	27457	rs6005406	rs9620690	27774580	27783769
22	27458	27504	rs10427935	rs16984491	27784403	27792035
22	27508	27636	rs16984501	rs1884127	27793356	27823447
22	27638	27640	rs80011729	rs79585899	27823815	27823926
22	27641	27653	rs5762141	rs11913114	27824063	27827186
22	27654	27655	rs9613449	rs5752545	27828878	27829565
22	27665	27676	rs16984651	rs4822878	27832624	27836311
22	27678	27679	rs4822879	rs2144183	27836850	27836922
22	27682	27761	rs7288006	rs5752560	27839704	27870404
22	27762	27764	rs117387034	rs13053864	27871563	27872463
22	27765	27778	rs10439912	rs5762186	27873024	27877684
22	27779	27785	rs5752563	rs9613454	27877833	27879333
22	27787	27821	rs5762187	rs9608615	27880310	27884156
22	27824	27832	rs6005467	rs5762198	27886537	27887895
22	27833	27838	rs5762199	rs6005471	27888231	27890684
22	27840	27863	rs4822888	rs9625251	27892976	27895305
22	27864	27867	rs5762208	rs5762209	27895489	27895825
22	27869	27876	rs996241	rs4822896	27896369	27897203
22	27877	27879	rs6005480	rs6005482	27898321	27898793
22	27880	27883	rs9613458	rs6005483	27899270	27899500
22	27884	27885	rs5752568	rs5762212	27899679	27899801
22	27886	27887	rs5762213	rs4820763	27899867	27900025
22	27889	27894	rs1884131	rs9613460	27900129	27900846
22	27895	27902	rs11704354	rs5762218	27900904	27902276
22	27903	27904	rs73160532	rs16984897	27902972	27903107
22	27905	27911	rs7284384	rs742942	27903116	27905428
22	27912	27913	rs9613463	rs9608617	27905926	27906244
22	27915	27930	rs5752571	rs9613465	27908236	27915061
22	27931	27943	rs9613466	rs4822899	27915471	27919967
22	27944	27946	rs61376987	rs7288771	27920038	27920269
22	27948	27949	rs62236589	rs5997264	27921255	27921417
22	27950	27967	rs144530993	rs17381914	27921456	27930902
22	27969	27970	rs137147	rs137146	27931842	27931924
22	27971	27993	rs5762239	rs873589	27932079	27938543
22	27996	28008	rs147318189	rs12483889	27940535	27946601
22	28009	28010	rs61704500	rs910545	27946728	27946986
22	28011	28014	rs11090497	rs12628297	27947860	27948053
22	28018	28102	rs77831591	rs4822916	27948978	27974531
22	28104	28106	rs2065058	rs4822917	27975247	27975451
22	28107	28162	rs4820767	rs9608623	27976840	27992413
22	28163	28183	rs9608624	rs9620706	27993597	28002430
22	28184	28187	rs1807613	rs6005523	28002451	28003831
22	28191	28208	rs9613485	rs1885359	28005559	28011067
22	28209	28211	rs12158861	rs12159548	28011286	28011465
22	28212	28218	rs5762273	rs743254	28011484	28013445
22	28219	28277	rs2010950	rs133992	28013880	28027335
22	28278	28280	rs5752601	rs57245441	28027704	28028368
22	28281	28310	rs133994	rs909698	28028948	28037932
22	28311	28316	rs84510	rs134021	28038608	28042040
22	28317	28354	rs5762294	rs134034	28042422	28051037
22	28355	28357	rs5752604	rs5752605	28051644	28052111
22	28359	28367	rs6005551	rs134041	28053797	28056338
22	28370	28461	rs134046	rs134128	28057092	28090374
22	28462	28590	rs7292833	rs73433154	28091520	28128388
22	28591	28592	rs134131	rs134132	28128858	28129028
22	28595	28598	rs5762334	rs7291248	28129776	28130130
22	28599	28641	rs118148284	rs45583937	28130286	28146735
22	28642	28646	rs12233370	rs2189132	28147189	28148813
22	28649	28714	rs117883084	rs117690685	28149928	28166303
22	28716	28728	rs2073784	rs384770	28168252	28170723
22	28729	28759	rs8142823	rs2267120	28171510	28190481
22	28760	30031	rs10719007	rs117625969	28190802	29390001
22	30032	30040	rs5762942	rs5752851	29390049	29398459
22	30041	30159	rs7289239	rs6005975	29399244	29454477
22	30160	30161	rs2072775	rs9625679	29454778	29456699
22	30164	30165	rs134558	rs2235205	29457622	29458341
22	30166	30167	rs134559	rs16987014	29458441	29458788
22	30168	30172	rs134560	rs2347792	29458845	29460003
22	30173	30378	rs134561	rs5752870	29461150	29519142
22	30382	30427	rs117990432	rs132306	29523628	29557257
22	30430	30537	rs2881802	rs150072264	29558854	29608615
22	30539	30552	rs132381	rs61041761	29612481	29619593
22	30553	30555	rs78011494	rs9608740	29620176	29620325
22	30558	30666	rs112646521	rs909797	29621989	29650905
22	30668	30670	rs12628611	rs80070388	29653409	29653746
22	30671	30801	rs762817	rs2267137	29653929	29793525
22	30802	30803	rs2267138	rs714963	29793641	29793741
22	30804	30805	rs714962	rs2188121	29793835	29794027
22	30806	30845	rs2283855	rs5752912	29796775	29812853
22	30846	30870	rs6006131	rs459310	29812921	29819081
22	30872	30945	rs5763226	rs8136014	29820230	29880049
22	30947	31420	rs165633	rs9614030	29880773	30097258
22	31422	31431	rs2159189	rs2530685	30098348	30106659
22	31433	32299	rs118124309	rs12483946	30109303	30607673
22	32300	32302	rs35967341	rs5997592	30607851	30609096
22	32304	32306	rs9608852	rs9606702	30610570	30611088
22	32307	32347	rs4823083	rs9606708	30612319	30646126
22	32348	32370	rs6006418	rs6006427	30649553	30669993
22	32371	32372	rs17656515	rs877549	30670091	30672420
22	32374	32614	rs57908818	rs2299825	30673916	30813323
22	32616	32618	rs2299827	rs9620984	30814727	30816148
22	32619	32620	rs2299829	rs2299830	30817370	30817631
22	32621	32753	rs56325714	rs714456	30818965	30868418
22	32755	32854	rs117932511	rs4149491	30874651	30953502
22	32860	32891	rs12627772	rs9619123	30956994	30979432
22	32894	32940	rs2072198	rs2240433	30983739	31003138
22	32941	33124	rs9621047	rs5997731	31004127	31062596
22	33127	33130	rs3827379	rs9609041	31063939	31066406
22	33131	33413	rs713904	rs5753348	31067582	31252038
22	33414	33420	rs5997785	rs202065604	31252502	31254118
22	33423	33424	rs9609124	rs5997787	31254790	31254954
22	33425	33437	rs5997788	rs2040802	31255029	31257924
22	33438	33460	rs2413004	rs17820384	31258967	31269708
22	33465	33655	rs12167141	rs62236070	31273284	31438497
22	33660	33780	rs9609200	rs2232184	31439170	31532608
22	33784	34482	rs2074739	rs12162806	31533967	32036935
22	34484	34494	rs12168918	rs140079491	32040039	32060148
22	34495	34538	rs4820988	rs138281	32065807	32136380
22	34543	34573	rs140384224	rs11705112	32140066	32186768
22	34588	34594	rs5749334	rs9606878	32211412	32220680
22	34606	34607	rs7287054	rs5998140	32240721	32241947
22	34619	34632	rs136865	rs5994443	32258167	32275353
22	34634	34639	rs5998157	rs5994446	32277863	32289919
22	34642	34685	rs117209993	rs2015580	32296381	32326021
22	34688	34753	rs4820057	rs1810413	32327794	32363965
22	34755	35075	rs4821004	rs5994511	32366359	32638128
22	35077	35098	rs2413090	rs76623145	32638516	32657177
22	35099	35101	rs9621420	rs7285242	32661831	32663153
22	35104	35426	rs738202	rs12484490	32665789	32727797
22	35428	35716	rs2076038	rs9609549	32728535	32827805
22	35718	35732	rs5754082	rs5754086	32829094	32836709
22	35733	35734	rs74642428	rs2092136	32837937	32838255
22	35736	35792	rs5998492	rs1109364	32838494	32856594
22	35795	35959	rs8141337	rs130446	32857821	32916292
22	35961	36063	rs130448	rs2710381	32920648	32950104
22	36065	36066	rs135486	rs2858343	32950645	32950649
22	36071	36072	rs2157188	rs2157189	32951941	32952012
22	36074	36126	rs5017396	rs5998545	32952820	32968093
22	36127	36133	rs11089576	rs1962222	32968672	32971900
22	36134	36135	rs5754156	rs5754157	32974240	32974574
22	36138	36167	rs3788461	rs2858723	32977216	32989141
22	36168	36199	rs2019913	rs7364201	32990535	33000069
22	36201	36311	rs5749470	rs743758	33000864	33045619
22	36312	36354	rs4820085	rs16991028	33045846	33095075
22	36355	36379	rs10854627	rs743745	33103918	33116779
22	36380	36381	rs731933	rs4821089	33116782	33118165
22	36382	36429	rs8136470	rs5998607	33119113	33133945
22	36431	36435	rs762883	rs1894452	33135710	33136937
22	36437	36460	rs5754242	rs62234593	33138584	33146810
22	36462	36463	rs5754248	rs5754249	33147483	33147526
22	36464	36466	rs743740	rs762886	33148575	33148577
22	36468	36716	rs5998615	rs10483166	33150443	33274166
22	36717	36839	rs4821107	rs756550	33274737	33363420
22	36840	36842	rs241767	rs241725	33365278	33369319
22	36843	36847	rs241726	rs241730	33370736	33375704
22	36848	36853	rs241731	rs241707	33375845	33378834
22	36854	36981	rs116915260	rs5998705	33379153	33440135
22	36983	37033	rs5998706	rs9607008	33440890	33454503
22	37035	37069	rs5998713	rs4821119	33456090	33474789
22	37070	37071	rs2213533	rs5749553	33478266	33479930
22	37072	37131	rs137955726	rs16991792	33481091	33505498
22	37133	37136	rs137302	rs4445	33507745	33508996
22	37137	37138	rs5994673	rs9621643	33511194	33511391
22	37142	37143	rs112697286	rs137313	33516495	33517654
22	37144	37488	rs10154506	rs7287551	33517666	33645816
22	37489	37497	rs9619337	rs5749590	33646543	33652752
22	37499	37501	rs79809976	rs75748748	33653104	33654024
22	37502	37504	rs7286135	rs7285192	33656156	33656368
22	37505	37518	rs5994706	rs60726104	33659787	33668049
22	37522	37546	rs118093815	rs540974633	33677970	33707116
22	37547	37551	rs2283886	rs135019	33707236	33708859
22	37552	37575	rs9609758	rs1967965	33709565	33727723
22	37576	37580	rs2283888	rs1985748	33728020	33728300
22	37581	37602	rs8139132	rs5998884	33728482	33731153
22	37603	37638	rs2283893	rs5998889	33731834	33738865
22	37639	37641	rs6518818	rs11089619	33739226	33739372
22	37644	37669	rs5749605	rs5754536	33740357	33756023
22	37672	37753	rs534932411	rs5994737	33760048	33804804
22	37755	37784	rs2267202	rs738166	33806540	33822335
22	37786	37817	rs9607045	rs1807547	33824447	33838972
22	37818	37819	rs8136201	rs8136468	33840541	33840615
22	37820	37827	rs9609798	rs6518824	33841538	33843029
22	37828	37829	rs113629547	rs16992351	33843280	33843452
22	37830	37913	rs9607047	rs7290423	33843597	33894488
22	37914	37921	rs7291127	rs2283909	33894686	33896495
22	37923	37924	rs2267220	rs35080567	33898114	33898171
22	37929	37993	rs62225321	rs738750	33898906	33936021
22	37994	37998	rs75160946	rs61501786	33936198	33937689
22	37999	38065	rs2065048	rs2267232	33938447	33966965
22	38066	38067	rs16992562	rs5994776	33968368	33969514
22	38069	38121	rs916209	rs2267239	33972438	33998541
22	38122	38163	rs695509	rs171275	33999325	34024322
22	38164	38217	rs5754624	rs2267250	34027147	34067054
22	38218	38244	rs59682700	rs4820110	34067781	34075249
22	38245	38247	rs187615637	rs76171139	34076385	34076496
22	38248	38279	rs2267259	rs2045314	34077092	34090873
22	38281	38300	rs240079	rs2267265	34091569	34102803
22	38305	38320	rs2018139	rs2267271	34105222	34113589
22	38322	38375	rs73170542	rs2283938	34115483	34140021
22	38376	38392	rs239334	rs76194392	34140955	34150005
22	38393	38395	rs445198	rs2283939	34150984	34152060
22	38396	38678	rs454267	rs5749682	34152653	34248314
22	38679	38743	rs1009385	rs5754733	34249434	34269594
22	38744	38761	rs16985375	rs2267311	34270163	34279012
22	38762	38797	rs2413207	rs5999143	34281940	34312954
22	38799	38873	rs2267320	rs5754770	34314120	34354953
22	38875	38889	rs5754772	rs243251	34357236	34387510
22	38890	38968	rs4821204	rs4821207	34392013	34431942
22	38970	39069	rs242894	rs7286495	34432807	34493939
22	39070	39071	rs135190	rs135191	34495450	34495465
22	39072	39083	rs135192	rs135195	34495551	34499558
22	39084	39090	rs135196	rs78849023	34500701	34505582
22	39092	39101	rs77732081	rs9609952	34506088	34515464
22	39103	39117	rs130664	rs9621854	34516551	34528670
22	39118	39441	rs1873233	rs5994879	34530384	34644038
22	39444	39989	rs5999262	rs5755036	34645946	34810013
22	39990	40005	rs5755037	rs112111464	34810154	34813884
22	40008	40012	rs7290455	rs5999339	34815080	34815275
22	40014	40015	rs5999340	rs5999341	34815364	34815372
22	40016	40018	rs5999342	rs8136825	34815619	34815889
22	40020	40106	rs4821255	rs74763142	34816202	34846530
22	40107	40130	rs76360455	rs130576	34847917	34860584
22	40132	40394	rs169500	rs3885456	34862289	34983275
22	40395	40396	rs28673390	rs28433938	34984731	34984732
22	40397	40778	rs77392743	rs4821293	34985127	35138540
22	40781	40785	rs59276697	rs5999513	35140973	35141751
22	40787	41344	rs146637728	rs2157214	35141876	35310501
22	41345	41350	rs5755412	rs5749997	35314472	35316282
22	41351	41431	rs5755416	rs4538303	35320371	35340557
22	41434	41449	rs9610176	rs5999644	35340931	35343623
22	41450	41454	rs2157216	rs5755449	35344317	35345231
22	41456	41457	rs929026	rs1961917	35346625	35347132
22	41458	41465	rs5750007	rs9607212	35347360	35350525
22	41466	41469	rs55770569	rs12167710	35350894	35352397
22	41471	41504	rs5755461	rs9607215	35352679	35368333
22	41505	41510	rs5755469	rs5755470	35369739	35371444
22	41515	41595	rs5750016	rs138913484	35376061	35400783
22	41596	41598	rs62243116	rs199650469	35400784	35401204
22	41600	41931	rs743786	rs4820180	35402351	35506426
22	41932	41934	rs10427859	rs12170582	35508186	35509388
22	41935	42012	rs134201	rs12170555	35509680	35529625
22	42014	42015	rs1473815	rs9306297	35531394	35531698
22	42016	42267	rs134222	rs2413319	35531757	35636461
22	42270	42271	rs2142536	rs2413320	35637886	35637890
22	42272	42465	rs4821382	rs4466	35638115	35723831
22	42466	42475	rs2267332	rs138789	35724264	35730085
22	42478	42540	rs4467	rs5755704	35731245	35754880
22	42541	42546	rs58873140	rs61502803	35755157	35755567
22	42547	42548	rs1076138	rs1076139	35755917	35756009
22	42550	42552	rs2413339	rs8135572	35756316	35756347
22	42553	42554	rs539230202	rs558939112	35756359	35756360
22	42555	42561	rs5755705	rs11703757	35756431	35757309
22	42562	42618	rs9622181	rs2285112	35757339	35789263
22	42619	42647	rs56375085	rs2071737	35791464	35802893
22	42650	42795	rs8142318	rs28876179	35805224	35862247
22	42797	42818	rs28620909	rs5755732	35865218	35884154
22	42819	42854	rs9610302	rs9619548	35891102	35901373
22	42856	42875	rs9607269	rs75472979	35902517	35910040
22	42876	42878	rs9610307	rs5999854	35912469	35913606
22	42879	42884	rs5999855	rs1001787	35913976	35915774
22	42886	42887	rs4821405	rs713968	35917309	35917546
22	42888	42902	rs35806646	rs7286860	35918270	35923469
22	42904	42905	rs11089748	rs11089749	35924150	35924256
22	42906	42948	rs9610311	rs2413355	35924713	35939869
22	42949	42958	rs5755742	rs742202	35941244	35946750
22	42959	42974	rs736212	rs5755747	35948265	35955382
22	42975	42982	rs2413357	rs5750115	35955898	35959242
22	42984	43036	rs55647613	rs5755767	35960360	35980060
22	43037	43039	rs9610322	rs8137488	35980173	35981447
22	43040	43053	rs5755768	rs7285118	35981747	35985165
22	43056	43057	rs5999881	rs5755771	35987070	35987432
22	43058	43059	rs77158101	rs77522499	35988070	35988659
22	43060	43175	rs12168118	rs117032777	35989256	36027241
22	43177	43231	rs5750138	rs5995131	36028531	36043201
22	43235	43287	rs138481572	rs2413362	36048242	36071583
22	43288	43302	rs2413363	rs5755870	36071609	36075344
22	43303	43354	rs5755871	rs11703911	36076898	36090060
22	43355	43552	rs4821429	rs111724776	36091878	36133428
22	43554	43555	rs67289183	rs5999999	36134147	36134426
22	43556	43557	rs926755	rs926756	36134690	36134691
22	43559	43749	rs5755937	rs4331608	36137531	36456462
22	43750	43774	rs5995200	rs7286947	36456661	36471012
22	43776	43778	rs6000111	rs715550	36473027	36473353
22	43779	43807	rs715546	rs8138026	36473545	36481364
22	43810	43813	rs145766390	rs144305886	36486027	36488210
22	43814	43815	rs6000122	rs76217814	36489602	36489997
22	43816	43820	rs5028142	rs58864250	36490282	36490727
22	43821	43912	rs6518991	rs111697839	36492056	36526011
22	43913	43915	rs4263216	rs5756080	36526255	36527967
22	43916	43940	rs132612	rs132624	36528895	36540910
22	43941	43942	rs132626	rs132627	36541000	36541004
22	43943	43974	rs1807672	rs132658	36541725	36557941
22	43976	43984	rs132660	rs132669	36562236	36567011
22	43988	44098	rs132671	rs6000178	36569844	36593640
22	44099	44140	rs132712	rs9306307	36595244	36599507
22	44141	44142	rs4820221	rs4821465	36599544	36599659
22	44143	44146	rs132739	rs132740	36600291	36602491
22	44147	44151	rs132741	rs132748	36603014	36605725
22	44152	44196	rs132749	rs762965	36606629	36634217
22	44202	44269	rs34379667	rs75236174	36636722	36666325
22	44273	44302	rs7511130	rs762964	36668427	36679652
22	44303	44399	rs2071732	rs6000238	36680714	36713754
22	44402	44437	rs1005570	rs739097	36715274	36746079
22	44440	44837	rs136204	rs5756227	36754161	36906657
22	44839	44844	rs2076083	rs2076084	36912724	36919447
22	44849	44871	rs140002	rs2049974	36925497	36942323
22	44872	44892	rs140005	rs140029	36943544	36950740
22	44895	44939	rs5756238	rs9622420	36953940	36978019
22	44940	44941	rs4821503	rs73171810	36978190	36978260
22	44942	44944	rs11704411	rs4821505	36978453	36978529
22	44946	44947	rs5995313	rs5995314	36979489	36979490
22	44948	44994	rs73171811	rs12484003	36979780	37001576
22	44995	45106	rs2267342	rs2284008	37006131	37073748
22	45109	45110	rs2284009	rs5756289	37078549	37078958
22	45112	45113	rs4821517	rs738514	37080514	37080738
22	45114	45116	rs12160357	rs761491	37081397	37082112
22	45119	45222	rs9607371	rs34334488	37083494	37141557
22	45223	45249	rs73884166	rs28587688	37142371	37147895
22	45250	45290	rs135158	rs6000425	37153185	37192999
22	45294	45362	rs2413421	rs2213428	37194767	37210348
22	45363	45364	rs2067069	rs2067068	37210469	37210470
22	45365	45366	rs2269511	rs2269512	37210656	37210677
22	45367	45427	rs739032	rs5750323	37212089	37237191
22	45428	45448	rs6000436	rs11913594	37238082	37246329
22	45451	45485	rs730483	rs760517	37247878	37258986
22	45488	45652	rs10854695	rs4437064	37260123	37319947
22	45655	45658	rs2284031	rs909486	37321080	37323988
22	45659	45673	rs2075936	rs140529	37328751	37333058
22	45676	45681	rs131842	rs131849	37335773	37342719
22	45684	45719	rs2181014	rs8139712	37344191	37348927
22	45721	45744	rs6000506	rs12165584	37349992	37359961
22	45748	45749	rs2858472	rs2858237	37367723	37367928
22	45751	45752	rs2858473	rs2858474	37368015	37368022
22	45753	45770	rs2858235	rs71328603	37368112	37370062
22	45772	45909	rs5750348	rs130606	37370921	37410429
22	45910	45928	rs130607	rs5750373	37410967	37425031
22	45929	45965	rs228129	rs9610643	37428599	37471385
22	45966	45985	rs855788	rs2743821	37474079	37481343
22	45987	46043	rs5756507	rs228907	37483481	37497593
22	46045	46046	rs4140590	rs4140589	37498731	37499019
22	46047	46104	rs5995380	rs3218340	37499046	37520895
22	46106	46113	rs3218339	rs228945	37521211	37525880
22	46118	46132	rs10854697	rs3218312	37527884	37530332
22	46134	46159	rs228953	rs228966	37531436	37537514
22	46161	46163	rs1003694	rs1003692	37539128	37539197
22	46164	46172	rs2235330	rs2284034	37539713	37542762
22	46174	46200	rs3218258	rs2051582	37544245	37558356
22	46205	46216	rs5756531	rs5756535	37562111	37570084
22	46217	46220	rs9610658	rs112087048	37570784	37571038
22	46222	46223	rs2543529	rs2543528	37571497	37571498
22	46224	46226	rs76206423	rs229507	37572236	37573509
22	46227	46353	rs73161818	rs56153764	37573712	37614208
22	46355	46419	rs56141786	rs370715463	37614705	37623072
22	46420	46421	rs544549792	rs563310744	37623387	37623388
22	46422	46424	rs150997289	rs74203585	37623501	37623503
22	46425	46456	rs56073008	rs2239774	37624049	37637653
22	46457	46524	rs2239775	rs730422	37637841	37671896
22	46525	46529	rs8143074	rs6000648	37673440	37675218
22	46531	46555	rs62235112	rs4821626	37677327	37680127
22	46556	46557	rs7288504	rs7288236	37680998	37680999
22	46558	46587	rs5756590	rs2071855	37681986	37696555
22	46588	46589	rs117225332	rs55934788	37697274	37697311
22	46590	46618	rs6000655	rs12710561	37697763	37713813
22	46619	46620	rs5750410	rs13057410	37715105	37715544
22	46623	46634	rs6000670	rs9607445	37717182	37724024
22	46635	46646	rs12165411	rs9610714	37724891	37728542
22	46647	46652	rs9306316	rs5756629	37729249	37732085
22	46653	46658	rs5750422	rs71317040	37732121	37734924
22	46659	46670	rs2413465	rs184311680	37735012	37740187
22	46671	46689	rs78063468	rs9607447	37740276	37745559
22	46690	46720	rs5756640	rs739189	37746000	37753999
22	46722	46725	rs5756646	rs6000687	37754982	37755223
22	46726	46764	rs5756649	rs28494078	37755443	37766693
22	46765	46804	rs61643013	rs6000704	37766809	37781874
22	46806	46807	rs11089838	rs17751502	37782938	37783351
22	46808	46816	rs6000707	rs4821663	37786710	37790294
22	46817	46950	rs753594	rs13053198	37790503	37836292
22	46952	47024	rs4820290	rs3817805	37841473	37900762
22	47025	47026	rs3817806	rs9610774	37900771	37900983
22	47028	47034	rs1997674	rs4080481	37902500	37905285
22	47035	47057	rs4420795	rs9610775	37905632	37906262
22	47058	47118	rs6519065	rs2413470	37906689	37935412
22	47120	47166	rs57530396	rs9306319	37937314	37959512
22	47173	47217	rs5756728	rs59987323	37961266	37976422
22	47222	47223	rs140059	rs12167061	37977418	37977481
22	47225	47392	rs9622643	rs9622670	37978750	38047801
22	47396	47457	rs9622672	rs11914203	38049289	38076917
22	47458	47461	rs9610830	rs147483837	38077250	38078705
22	47462	47507	rs5756763	rs11089851	38079239	38100417
22	47509	47648	rs5750477	rs13058437	38102346	38208260
22	47649	47878	rs2285179	rs1004763	38211954	38474952
22	47881	47940	rs8135665	rs56076229	38476276	38503972
22	47944	48303	rs6001008	rs6001053	38505347	38614090
22	48304	48306	rs6001054	rs76865118	38614095	38614472
22	48308	48366	rs2235265	rs9610927	38617333	38653689
22	48367	48430	rs5756998	rs62230172	38655571	38679405
22	48432	48449	rs135737	rs135749	38680361	38685519
22	48451	48477	rs5757022	rs135764	38689984	38710412
22	48478	48503	rs1997644	rs5750597	38715222	38741793
22	48505	48506	rs6001098	rs5757057	38743302	38744184
22	48507	48623	rs7284582	rs138393	38745774	38807182
22	48624	48631	rs196111	rs5757086	38808369	38812729
22	48633	48741	rs9622808	rs138419	38813069	38863006
22	48745	49186	rs62228894	rs7284966	38868143	39152412
22	49187	49188	rs10084634	rs5757272	39157315	39157384
22	49189	49213	rs5757273	rs4821821	39157394	39171389
22	49215	49222	rs5757280	rs738144	39172062	39178375
22	49223	49574	rs738145	rs5757362	39178393	39306080
22	49578	49680	rs9611050	rs12628403	39309228	39358037
22	49681	49682	rs7286317	rs7290153	39358780	39359099
22	49683	49684	rs3985950	rs2020232	39359345	39359517
22	49685	49718	rs6001343	rs2072864	39362733	39382810
22	49719	49791	rs2267403	rs4443098	39383830	39408841
22	49796	49819	rs2012735	rs7289668	39411865	39420612
22	49821	50069	rs2006973	rs4821867	39421962	39520815
22	50070	50178	rs139374	rs73884852	39522488	39570168
22	50180	50187	rs6001473	rs12170725	39572567	39574165
22	50188	50189	rs12627955	rs5757510	39575221	39575322
22	50192	50397	rs12166894	rs4821876	39575848	39626926
22	50400	50424	rs2247128	rs11705523	39630287	39648097
22	50425	50646	rs7290087	rs715503	39658542	39758253
22	50649	50658	rs739363	rs5757645	39760883	39768479
22	50661	50701	rs9611167	rs8136980	39775583	39844574
22	50704	50708	rs5750840	rs12628962	39863326	39872073
22	50710	50776	rs34943118	rs5757717	39878998	39942234
22	50778	50812	rs59889044	rs5750852	39943388	39972069
22	50813	50814	rs5757734	rs132567	39973151	39973526
22	50815	50867	rs5757735	rs12628643	39973652	40015493
22	50868	50908	rs12161013	rs2294368	40016280	40074662
22	50911	50912	rs6001654	rs8137891	40092636	40092645
22	50913	50916	rs5757777	rs4820389	40092864	40098844
22	50919	50980	rs6001655	rs17001505	40103934	40277234
22	50981	51012	rs66609907	rs137979	40281207	40322684
22	51013	51019	rs713883	rs5757814	40326174	40335683
22	51020	51024	rs137990	rs76583112	40338284	40347489
22	51028	51050	rs137994	rs78753200	40349487	40376381
22	51052	51127	rs9607677	rs9611271	40378718	40526214
22	51128	51386	rs2413611	rs3804095	40527858	40723779
22	51387	51391	rs139919	rs470113	40726183	40729614
22	51392	51790	rs73167004	rs13055075	40732953	41067010
22	51791	51792	rs12159245	rs11575919	41070875	41072333
22	51793	51794	rs133074	rs9611386	41078473	41078533
22	51795	52194	rs111950677	rs9611442	41079720	41343354
22	52200	52204	rs2003733	rs5995972	41353954	41358893
22	52205	52206	rs5758145	rs17347451	41361593	41369108
22	52208	52211	rs9611447	rs113784934	41372696	41377326
22	52212	53625	rs9623297	rs2839715	41381886	42284260
22	53626	53632	rs6002522	rs5996080	42285063	42289466
22	53633	54359	rs4822066	rs134902	42289500	42683997
22	54360	54363	rs5758698	rs5758699	42684818	42688034
22	54364	54365	rs112603	rs9611766	42688085	42688639
22	54366	54367	rs80506	rs134906	42689140	42689370
22	54368	54369	rs5758700	rs5758701	42689998	42690262
22	54372	54373	rs6002673	rs5996139	42691296	42691689
22	54374	54376	rs9623554	rs6002674	42692339	42694220
22	54377	54400	rs11704558	rs762999	42695148	42702673
22	54401	54468	rs6002678	rs9623566	42704386	42730970
22	54470	54471	rs79463777	rs57892117	42733021	42733867
22	54473	54479	rs66534409	rs739151	42737165	42741466
22	54484	54519	rs6002695	rs1011224	42742451	42752927
22	54521	54524	rs11090086	rs61163795	42754796	42754992
22	54526	54553	rs5996145	rs9623571	42756497	42772083
22	54554	54692	rs57028529	rs111272670	42772172	42843851
22	54693	54695	rs148254718	rs5758724	42843886	42845329
22	54696	54749	rs5758727	rs5751281	42848354	42869453
22	54753	54754	rs9611804	rs11703237	42871832	42871934
22	54755	54764	rs5996171	rs5758747	42872086	42874300
22	54766	54767	rs2142826	rs2142827	42874773	42874781
22	54768	54781	rs2142828	rs5751285	42874954	42886204
22	54782	54798	rs7290566	rs73888326	42886876	42897216
22	54799	54800	rs5758765	rs5751287	42897414	42897418
22	54801	54901	rs201691787	rs5758798	42897553	42939708
22	54904	55342	rs4822167	rs5758876	42940852	43099055
22	55343	55456	rs4822187	rs2413714	43100579	43136808
22	55457	55523	rs9680786	rs5758924	43137973	43161261
22	55525	55594	rs13058545	rs5758941	43162106	43181803
22	55595	55600	rs13057031	rs9607947	43182491	43184135
22	55602	55603	rs2179875	rs2143926	43185012	43185180
22	55605	55607	rs5996237	rs5758943	43186033	43187900
22	55608	56261	rs4820483	rs5759140	43188180	43472999
22	56264	56265	rs76523792	rs77428895	43473474	43473482
22	56266	56299	rs5759143	rs2179216	43473662	43488080
22	56302	56324	rs6003051	rs142837445	43489497	43497106
22	56325	56342	rs135014	rs2007868	43497898	43501932
22	56343	56357	rs2413744	rs926328	43503212	43506265
22	56358	56359	rs4988374	rs5751433	43506753	43508222
22	56360	56361	rs17003508	rs151218030	43509798	43510401
22	56362	56364	rs5759173	rs5751436	43511825	43514187
22	56365	56368	rs2008738	rs4988417	43518108	43520258
22	56369	56403	rs2076079	rs72619545	43520263	43541220
22	56404	56408	rs138899	rs5759192	43542300	43545363
22	56410	56447	rs5759198	rs743807	43551408	43570919
22	56451	56497	rs138939	rs117377155	43572593	43598471
22	56498	56572	rs138983	rs139020	43599917	43630917
22	56574	56578	rs10427744	rs8137393	43632938	43633977
22	56579	56580	rs762957	rs6003120	43635207	43635318
22	56581	56604	rs6003121	rs113838377	43635549	43646534
22	56609	56644	rs12170498	rs6003130	43648664	43662788
22	56645	56646	rs878734	rs12484304	43663734	43664344
22	56649	56650	rs4822269	rs5759242	43664937	43665294
22	56653	56670	rs58281502	rs80020170	43666997	43672183
22	56671	56693	rs12484747	rs5751468	43672629	43679081
22	56694	56695	rs79999510	rs5759256	43679528	43680239
22	56699	56747	rs5751470	rs739309	43681268	43701862
22	56748	56749	rs5759274	rs5751478	43703729	43703991
22	56750	56773	rs17003642	rs28549703	43704192	43713668
22	56774	56775	rs12628419	rs11090151	43714255	43714319
22	56776	56848	rs72619554	rs57839854	43714663	43743449
22	56849	56850	rs112440552	rs111606242	43744499	43744502
22	56852	56877	rs9608019	rs695495	43745031	43755316
22	56878	56883	rs695383	rs695288	43755354	43757691
22	56886	56902	rs695648	rs695324	43760187	43767312
22	56903	56904	rs695262	rs112203399	43767403	43767846
22	56908	57042	rs695786	rs11090163	43769443	43819757
22	57044	57066	rs12484468	rs5759340	43821730	43829027
22	57067	57089	rs11703590	rs933217	43829896	43838406
22	57092	57098	rs150678957	rs11913698	43841522	43845253
22	57101	57104	rs113510425	rs2006262	43846771	43847962
22	57105	57137	rs2006261	rs72487672	43848036	43865780
22	57138	57141	rs75140352	rs12484844	43866242	43866901
22	57142	57180	rs8142313	rs28517465	43867177	43881448
22	57182	57183	rs28517761	rs28681338	43881694	43881816
22	57185	57211	rs28529109	rs142806587	43882741	43890056
22	57212	57230	rs144911209	rs28608705	43890544	43897310
22	57231	57232	rs112035174	rs28588871	43897433	43898108
22	57235	57256	rs28675967	rs8143033	43899258	43916531
22	57257	57906	rs11705570	rs5764394	43917441	44293814
22	57909	57931	rs138141	rs5764400	44295424	44300717
22	57932	57975	rs11090614	rs4823172	44300847	44317416
22	57979	58196	rs139049	rs9626087	44323597	44401124
22	58197	58207	rs8137707	rs9614309	44401191	44405614
22	58208	58209	rs4823185	rs35222770	44408241	44408935
22	58211	58224	rs16991341	rs2401519	44409176	44412228
22	58228	58230	rs9614315	rs8142117	44415325	44416429
22	58234	58235	rs5764467	rs5764468	44418444	44418447
22	58236	58283	rs5764060	rs67261379	44419010	44429391
22	58287	58295	rs8141911	rs6006481	44430730	44434012
22	58297	58302	rs2896022	rs4823187	44434950	44436410
22	58303	58306	rs16991365	rs16991369	44438842	44442441
22	58307	58314	rs2267600	rs2299846	44445659	44447486
22	58315	58319	rs2267601	rs6006634	44448338	44449227
22	58322	58364	rs5764486	rs130317	44451445	44470036
22	58366	58370	rs2299847	rs130318	44473752	44476064
22	58371	58379	rs130319	rs16991431	44476235	44484199
22	58382	58404	rs5764513	rs2267608	44488076	44493564
22	58405	58410	rs9614199	rs9614324	44494047	44494695
22	58411	58425	rs16991465	rs9614200	44495211	44498201
22	58428	58559	rs117417513	rs28430985	44500293	44522859
22	58564	58567	rs34333219	rs133915	44523948	44524197
22	58571	58650	rs9614343	rs75371488	44525091	44551787
22	58651	58652	rs8141159	rs139069	44552752	44552766
22	58654	58691	rs28610427	rs77288331	44553011	44563678
22	58692	58746	rs139096	rs2272941	44564407	44577683
22	58748	58750	rs4823203	rs9614364	44579695	44579831
22	58751	58752	rs11704430	rs8136088	44580261	44580470
22	58753	58754	rs139129	rs139130	44580787	44580788
22	58757	58782	rs5764592	rs139145;rs556036701	44581403	44592492
22	58783	58847	rs139146	rs6006497	44593488	44607514
22	58848	58850	rs139202	rs139204	44607655	44608612
22	58851	59063	rs117579879	rs138287457	44608695	44655095
22	59064	59065	rs117439716	rs118183745	44655781	44655993
22	59066	59081	rs135438	rs135427	44656489	44657628
22	59083	59084	rs117670905	rs135425	44657979	44658268
22	59086	59088	rs135424	rs135423	44659202	44659218
22	59089	59175	rs73888951	rs78836295	44660808	44683261
22	59176	59199	rs9614421	rs77546548	44684039	44691790
22	59201	59209	rs8140742	rs6519834	44694612	44697742
22	59210	59212	rs7510586	rs12162773	44698827	44698909
22	59213	59250	rs56930386	rs9614436	44699404	44703502
22	59251	59269	rs12162783	rs6519840	44703774	44707716
22	59271	59283	rs28970381	rs74335946	44708987	44711589
22	59288	59320	rs73434505	rs75073425	44715451	44721664
22	59321	59325	rs34255233	rs34420568	44723069	44723271
22	59327	59331	rs66856175	rs62228577	44724868	44725343
22	59332	59335	rs66803227	rs36167792	44725640	44726942
22	59338	59352	rs111645966	rs75185156	44730237	44733398
22	59354	59356	rs12163374	rs7510927	44734201	44734215
22	59357	59362	rs6519876	rs7287083	44735347	44735867
22	59363	59384	rs9626491	rs78769507	44736263	44742288
22	59385	59395	rs6519919	rs5764966	44742489	44744315
22	59397	59401	rs4446159	rs739161	44744706	44745251
22	59403	59410	rs5766088	rs743864	44745694	44747100
22	59411	59439	rs8139097	rs11705167	44747334	44755279
22	59440	59441	rs5764854	rs11090666	44755311	44755500
22	59445	59449	rs6007172	rs1319067	44755850	44756803
22	59450	59452	rs2014530	rs9614538	44757071	44757439
22	59453	59455	rs112443612	rs71330747	44758515	44759514
22	59456	59462	rs8138173	rs6007189	44760039	44761014
22	59463	59468	rs73436423	rs5765807	44761048	44761631
22	59470	59503	rs112900724	rs118180916	44761884	44766451
22	59505	59506	rs12484763	rs12485059	44766734	44766791
22	59507	59587	rs12484766	rs5765958	44766864	44781919
22	59589	59600	rs5765964	rs4823381	44782786	44785304
22	59601	59604	rs5766024	rs5766036	44785406	44786186
22	59605	59621	rs5766037	rs5766068	44786240	44789206
22	59622	59624	rs5766071	rs1024333	44789369	44790437
22	59625	59629	rs2187828	rs916294	44790471	44791343
22	59630	59637	rs1024334	rs13058072	44791538	44792128
22	59639	59656	rs135912	rs713828	44793929	44799249
22	59658	59672	rs118046133	rs16992190	44800547	44805128
22	59674	59680	rs5766269	rs135926	44805830	44808134
22	59681	59739	rs135927	rs2746583	44808939	44818986
22	59741	59782	rs135962	rs4823455	44820796	44831844
22	59784	59788	rs135982	rs78425	44832538	44832657
22	59789	59856	rs9626680	rs133802	44833001	44840720
22	59857	60134	rs133801	rs59442231	44841288	44930460
22	60135	60137	rs5764899	rs17512927	44930465	44930701
22	60139	60210	rs112927800	rs8138531	44931317	44941131
22	60213	60255	rs5765784	rs5764910	44941848	44951701
22	60257	60258	rs138578	rs5765811	44952642	44953500
22	60260	60307	rs141122484	rs115455098	44954817	44972159
22	60308	60331	rs4456	rs5765839	44972864	44976340
22	60333	60370	rs117364858	rs138628	44978415	44988209
22	60371	60373	rs138629	rs760757	44988595	44989400
22	60374	60375	rs5765856	rs76584557	44993530	44993729
22	60379	60388	rs9614825	rs6006829	44996011	44999038
22	60392	60444	rs113621451	rs74350413	45000538	45011114
22	60446	60449	rs9614838	rs1003023	45011533	45011691
22	60452	60456	rs11912636	rs77535717	45011858	45012587
22	60457	60458	rs6006833	rs11090677	45013019	45013233
22	60459	60498	rs9614841	rs6006835	45013261	45025259
22	60499	60513	rs76517518	rs9614859	45025635	45040298
22	60514	60515	rs136883	rs136884	45040462	45041675
22	60516	60544	rs136887	rs5764946	45043436	45052191
22	60545	60571	rs9614863	rs136911	45052595	45059248
22	60572	60589	rs2882202	rs107485	45061767	45066714
22	60592	60665	rs9614870	rs6007242	45069410	45084493
22	60666	60669	rs17528831	rs1005518	45084907	45085284
22	60670	60687	rs58737254	rs6007249	45086742	45094043
22	60690	60692	rs11705437	rs9614882	45095064	45095527
22	60693	60700	rs5765914	rs9614884	45096222	45103635
22	60702	60704	rs1573747	rs34926500	45106017	45106233
22	60706	60708	rs5764967	rs56744316	45107020	45107129
22	60709	60759	rs12483865	rs763215	45107925	45117178
22	60760	60762	rs763216	rs763217	45117434	45117594
22	60764	60770	rs1476049	rs5765937	45118533	45119023
22	60772	60777	rs57844723	rs4823365	45121428	45122866
22	60779	60792	rs5765942	rs3761484	45123503	45126638
22	60793	60921	rs3761485	rs132424	45126775	45142177
22	60922	60938	rs132425	rs9614900	45143384	45148200
22	60941	60979	rs2882259	rs12484078	45149281	45154051
22	60980	60989	rs132447	rs132453	45154106	45157608
22	60992	61030	rs35573979	rs55856639	45158419	45168370
22	61033	61034	rs6007285	rs12161087	45169471	45169548
22	61035	61045	rs132471	rs4823376	45169772	45171729
22	61046	61170	rs5765977	rs4823256	45172343	45187590
22	61172	61180	rs3788624	rs877667	45187986	45188624
22	61181	61182	rs916324	rs35814633	45188671	45188867
22	61184	61298	rs5766027	rs5766055	45189238	45213867
22	61300	61302	rs5766056	rs16992909	45215430	45216248
22	61303	61305	rs13053938	rs136657	45216340	45216668
22	61306	61343	rs5765034	rs10433320	45217021	45228354
22	61344	61376	rs10433321	rs2269538	45228386	45238458
22	61378	61379	rs2187794	rs2269539	45240585	45241632
22	61381	61384	rs9680763	rs2269541	45241702	45242240
22	61386	61548	rs2301419	rs2015546	45243034	45264625
22	61550	61680	rs150224559	rs11704790	45265924	45324417
22	61683	61686	rs5765092	rs1894520	45326111	45327677
22	61688	61764	rs5765093	rs5766247	45328225	45367385
22	61765	61797	rs2103829	rs9615001	45368412	45396585
22	61799	61852	rs761676	rs2350233	45397507	45414547
22	61854	61856	rs1807594	rs738544	45415530	45415847
22	61857	61858	rs140555	rs140556	45415897	45415987
22	61860	61861	rs9615005	rs9615006	45417413	45417483
22	61863	61866	rs150680838	rs9626606	45417881	45418746
22	61868	61869	rs4823436	rs4823437	45419494	45420115
22	61870	61984	rs132010	rs132062	45420487	45442597
22	61987	61991	rs6007430	rs140570	45445274	45446331
22	61992	61994	rs8142116	rs5765138	45446675	45446714
22	61997	62027	rs7510947	rs6007437	45447178	45449921
22	62028	62032	rs2015006	rs140429917	45450267	45451052
22	62034	62036	rs140571	rs132067	45451265	45451355
22	62037	62043	rs140572	rs132074	45451727	45453658
22	62044	62045	rs6006921	rs6007438	45453918	45453975
22	62046	62049	rs73165329	rs12628195	45454171	45454464
22	62050	62052	rs16993361	rs10854828	45455407	45456646
22	62056	62085	rs9614601	rs2143931	45458558	45472084
22	62086	62184	rs2143932	rs738540	45472103	45504112
22	62185	62186	rs6007452	rs9614605	45504764	45505494
22	62187	62204	rs7288829	rs5766439	45508406	45515308
22	62205	62206	rs5766441	rs5766442	45515613	45515614
22	62207	62257	rs5766444	rs75975226	45515833	45527215
22	62260	62261	rs7290824	rs547698	45527815	45527845
22	62263	62420	rs9626286	rs16993655	45529502	45586794
22	62421	62422	rs226519	rs226520	45587269	45587746
22	62425	62664	rs3810630	rs56182750	45589402	45647310
22	62665	62671	rs5765233	rs9614623	45647347	45647755
22	62672	62741	rs6007523	rs6007546	45647817	45656200
22	62743	62744	rs6006964	rs6006965	45657196	45657197
22	62745	62816	rs80324215	rs226496	45657529	45671001
22	62818	62919	rs144778753	rs3788644	45671161	45686148
22	62920	63349	rs4823288	rs7289764	45687406	45855046
22	63350	63351	rs11912590	rs11912723	45855202	45855243
22	63354	63367	rs34310520	rs111930858	45856602	45861153
22	63368	63479	rs2350953	rs3091352	45863515	45895856
22	63481	63489	rs3810631	rs2235203	45897997	45899655
22	63492	63521	rs28436897	rs8135013	45903132	45913894
22	63525	63537	rs136718	rs2283662	45915418	45919646
22	63538	63539	rs2097521	rs2097522	45920999	45921007
22	63541	63623	rs1107180	rs5764780	45921359	45941807
22	63627	63628	rs16994228	rs116864857	45944951	45944980
22	63629	63632	rs3788650	rs16994234	45945568	45947839
22	63634	63691	rs7284208	rs134821	45950803	45970029
22	63693	63694	rs134822	rs80610	45971158	45971291
22	63695	63699	rs3788654	rs2071870	45971490	45972610
22	63700	63817	rs8138025	rs12484952	45974757	46004878
22	63818	64204	rs17564689	rs77848624	46006110	46274072
22	64206	64221	rs57514815	rs28554123	46275529	46294075
22	64223	64232	rs28363932	rs9330799	46294783	46301368
22	64233	64248	rs9777793	rs9330819	46301714	46303692
22	64249	64250	rs10448608	rs10448609	46303881	46304032
22	64251	64283	rs9697279	rs11544453	46304208	46316863
22	64284	64347	rs73175047	rs10453447	46317259	46334133
22	64348	64360	rs9330790	rs10453453	46334234	46337729
22	64361	64403	rs9330793	rs10448584	46338457	46351783
22	64405	64410	rs9330802	rs62226056	46353619	46354932
22	64411	64414	rs9330804	rs9330807	46356434	46358746
22	64418	64442	rs10453458	rs62228072	46360772	46387795
22	64445	64452	rs28496879	rs28680799	46390243	46397854
22	64453	64526	rs3935881	rs12159071	46398037	46445471
22	64527	64550	rs59929908	rs6520015	46447714	46463431
22	64551	64553	rs3934479	rs7410764	46469639	46474200
22	64554	64555	rs9615389	rs12628599	46475465	46475711
22	64556	64557	rs7410476	rs6520050	46477390	46478195
22	64558	64564	rs8135478	rs7291040	46481985	46484973
22	64566	64582	rs2180543	rs6009080	46487528	46496760
22	64584	64684	rs5768746	rs881740	46513376	46567388
22	64688	64690	rs4823902	rs4253690	46579365	46580923
22	64691	64718	rs12330015	rs4253751	46590278	46613980
22	64720	64722	rs4253758	rs5767743	46616732	46621994
22	64724	64730	rs77400630	rs9615904	46628119	46664741
22	64737	64741	rs78833631	rs3747248	46748137	46757062
22	64743	64744	rs56214671	rs56068935	46762136	46762140
22	64748	64759	rs126574	rs12628978	46819796	46833659
22	64764	64783	rs8137581	rs9627463	46835558	46842022
22	64785	64817	rs1807737	rs71313049	46843784	46854234
22	64820	64822	rs5768779	rs8138156	46854935	46855322
22	64823	64849	rs9680608	rs3788701	46856102	46859305
22	64852	64878	rs3788703	rs6520022	46862512	46868663
22	64880	64888	rs3788704	rs713711	46869013	46871112
22	64890	64905	rs4823552	rs1810478	46871654	46874458
22	64906	64908	rs1810477	rs909853	46874471	46875235
22	64909	64910	rs3827409	rs3788711	46875743	46875851
22	64911	64960	rs1984519	rs62233282	46876483	46889437
22	64962	64988	rs12628943	rs3788722	46890899	46902976
22	64989	65022	rs5768862	rs5768870	46904273	46911745
22	65024	65033	rs3827412	rs17589429	46913478	46916280
22	65034	65039	rs9627486	rs5768883	46916662	46917389
22	65042	65056	rs738464	rs4823560	46918720	46922134
22	65057	65059	rs713640	rs5768895	46922530	46923038
22	65060	65086	rs4374471	rs5768915	46923800	46927380
22	65087	65088	rs35717175	rs34083227	46927664	46927667
22	65089	65091	rs3788727	rs8141744	46928266	46930107
22	65092	65461	rs3788728	rs3747255	46934704	47074281
22	65463	65468	rs3179	rs5769071	47075462	47079400
22	65469	65533	rs142053097	rs5769096	47079766	47100766
22	65534	65543	rs135692	rs135699	47102184	47106047
22	65546	65555	rs6008957	rs4530458	47108669	47110218
22	65556	65561	rs55927007	rs5769111	47113796	47117573
22	65562	65580	rs801588	rs1548978	47121095	47130782
22	65581	65880	rs78475520	rs7290059	47130888	47236944
22	65882	66036	rs9627590	rs6009043	47237747	47297670
22	66038	66039	rs4425	rs5767389	47298985	47299225
22	66040	66042	rs4823890	rs4823583	47299533	47299725
22	66044	66166	rs5767390	rs136081	47300214	47351313
22	66167	66387	rs136082	rs140544	47352972	47445957
22	66391	66506	rs131919	rs4823591	47447437	47492213
22	66508	66582	rs5767486	rs5767527	47494446	47533458
22	66583	66584	rs5766695	rs5767528	47534597	47535882
22	66585	66591	rs2007905	rs4823598	47536762	47541759
22	66592	66611	rs2295247	rs4823601	47543406	47549823
22	66612	66673	rs6008046	rs1884288	47551527	47566909
22	66676	66677	rs73170484	rs2337242	47567653	47567675
22	66679	66697	rs7292316	rs135369	47568203	47574339
22	66698	66704	rs145772261	rs368988649	47575249	47587508
22	66706	66890	rs6008079	rs739110	47597031	47652614
22	66893	66894	rs8136752	rs9615482	47653468	47653549
22	66896	66897	rs4342040	rs732275	47655072	47655275
22	66898	66931	rs739111	rs5767640	47656578	47666205
22	66932	66933	rs6008112	rs6008113	47667279	47667464
22	66934	66951	rs5767645	rs766169	47670894	47680100
22	66953	67071	rs743825	rs4823631	47682871	47730103
22	67072	67073	rs2001087	rs2001089	47732740	47732918
22	67074	67112	rs6008133	rs6008154	47734858	47748764
22	67114	67263	rs9627009	rs57557576	47750127	47828194
22	67264	67266	rs187528423	rs117223822	47829079	47829554
22	67267	67303	rs763031	rs130875	47830777	47854776
22	67304	67456	rs35777403	rs5767791	47855454	47937655
22	67458	67461	rs738486	rs130480	47938564	47938767
22	67462	67480	rs713674	rs761419	47939539	47946234
22	67481	67501	rs6007687	rs41342646	47947868	47957517
22	67504	67530	rs6007693	rs7511111	47958868	47974850
22	67531	67534	rs131120	rs6008279	47976235	47977041
22	67537	67554	rs2337969	rs4404380	47983376	47986592
22	67555	67574	rs5766806	rs6007701	47987698	47995497
22	67577	67654	rs131073	rs910802	47996914	48020172
22	67656	67669	rs12053784	rs5767853	48021857	48025056
22	67670	67782	rs7291054	rs371022	48028048	48065145
22	67784	67969	rs8137062	rs17677454	48067197	48141917
22	67971	67978	rs132202	rs132211	48142680	48144007
22	67979	68019	rs6008372	rs62225088	48144783	48165220
22	68022	68024	rs117809261	rs140099978	48170197	48172189
22	68025	68106	rs2338226	rs5766877	48172447	48188364
22	68109	68177	rs9615220	rs78332371	48189102	48211795
22	68179	68183	rs6008405	rs9615648	48214001	48214287
22	68185	68186	rs6008407	rs6008408	48214606	48214608
22	68188	68385	rs117271484	rs16997778	48215104	48268643
22	68386	68390	rs713713	rs2144999	48269136	48270054
22	68391	68392	rs11090797	rs11090798	48270745	48270766
22	68394	68395	rs728591	rs728592	48271713	48271771
22	68396	68397	rs4823716	rs4823717	48271905	48271961
22	68399	68409	rs12106539	rs6519968	48273389	48275068
22	68410	68415	rs7285836	rs2064806	48276700	48280741
22	68416	68446	rs5768107	rs5768122	48281227	48292584
22	68447	68450	rs75398614	rs75362986	48292635	48293581
22	68451	68669	rs5766926	rs5766957	48294515	48336091
22	68671	68705	rs55832066	rs58989179	48339734	48360299
22	68706	68708	rs16998000	rs16998007	48360485	48360629
22	68709	68826	rs1028528	rs135354	48362290	48393304
22	68827	68955	rs11912108	rs5767004	48393424	48446801
22	68956	68982	rs6007790	rs12169131	48447382	48454470
22	68984	68997	rs135264	rs9306509	48454693	48464012
22	68998	69000	rs5767008	rs6008537	48464887	48466334
22	69001	69002	rs61234486	rs135279	48467271	48467570
22	69003	69038	rs13053184	rs5767015	48467824	48479385
22	69041	69042	rs6008550	rs6007798	48481280	48481465
22	69044	69071	rs7289613	rs5767026	48483385	48500529
22	69073	69074	rs9627248	rs9626807	48501684	48501694
22	69075	69170	rs79030982	rs113271921	48501883	48544702
22	69176	69266	rs131137	rs926233	48546285	48587960
22	69267	69270	rs133527	rs133528	48588489	48590929
22	69272	69276	rs6007812	rs13053188	48591245	48591692
22	69278	69371	rs133533	rs7510885	48592385	48622984
22	69372	69439	rs133539	rs71314845	48623476	48648572
22	69442	69445	rs3888716	rs742025	48649087	48649830
22	69446	69451	rs76369589	rs79506914	48650286	48651368
22	69452	69454	rs104826;rs34232689;rs34232689	rs59649586	48651971	48652075
22	69456	69464	rs2338676	rs4823515	48652711	48654123
22	69466	69471	rs35618352	rs9615845	48655686	48658467
22	69472	69522	rs4392	rs730756	48658493	48674928
22	69524	69527	rs6008610	rs133603	48676172	48677261
22	69528	69537	rs35835342	rs133607	48677819	48681337
22	69539	69553	rs11913895	rs470000	48682369	48684287
22	69555	69558	rs11704605	rs28418590	48685281	48686365
22	69559	69600	rs72490216	rs11913549	48686650	48693216
22	69601	69602	rs8141901	rs12159260	48693735	48693797
22	69603	69604	rs34421109	rs6008617	48693953	48694405
22	69608	69618	rs926235	rs61067247	48696697	48701030
22	69621	69655	rs9626824	rs77757903	48704906	48713539
22	69656	69657	rs2075955	rs2075956	48713551	48713879
22	69658	69662	rs7287303	rs8140574	48714112	48714420
22	69663	69686	rs73169445	rs133656	48714825	48720364
22	69687	69688	rs6519988	rs7288634	48720389	48720586
22	69689	69742	rs72619582	rs6008649	48721071	48736122
22	69744	69752	rs111734658	rs6008655	48737598	48739456
22	69754	69757	rs573186928	rs544030960	48740646	48740655
22	69759	69762	rs13054953	rs9615873	48741352	48741402
22	69763	69764	rs133672	rs4407	48741583	48741798
22	69768	69789	rs2072725	rs73169467	48742656	48746806
22	69792	69798	rs9627308	rs4823753	48749087	48749869
22	69800	69806	rs5768555	rs1018367	48750445	48752747
22	69807	69876	rs1016452	rs4503	48752790	48772793
22	69877	70055	rs8138593	rs470043	48773268	48810073
22	70059	70061	rs5027632	rs4390855	48810891	48811095
22	70063	70070	rs62225525	rs12157445	48811525	48813648
22	70072	70073	rs6007848	rs11090839	48815752	48816236
22	70074	70077	rs16999021	rs6008688	48816559	48816872
22	70078	70085	rs5768600	rs58394646	48816994	48819364
22	70086	70157	rs6007850	rs13053702	48819398	48834523
22	70159	70160	rs6008701	rs16999111	48835009	48835029
22	70161	70173	rs78574224	rs5768624	48835424	48836239
22	70176	70209	rs9615318	rs148362153	48836967	48841892
22	70210	70266	rs9615322	rs142709138	48842336	48856756
22	70268	70470	rs9615899	rs4823789	48858223	48903245
22	70473	70599	rs57486908	rs59656437	48904335	48930253
22	70601	70648	rs5768714	rs11090854	48931170	48946181
22	70649	70651	rs133469	rs2007804	48947110	48948772
22	70653	70688	rs133467	rs133450	48950529	48958196
22	70690	70691	rs112495883	rs16999469	48958545	48958565
22	70695	70727	rs6008757	rs77683362	48958988	48969991
22	70731	70734	rs5768743	rs9615931	48973727	48974673
22	70735	70783	rs5768744	rs73173426	48974855	48987619
22	70784	70788	rs67059689	rs28539902	48987852	48988885
22	70789	70926	rs28485396	rs73889168	48988987	49005399
22	70928	71005	rs28479940	rs140014496	49006114	49024853
22	71007	71072	rs6010596	rs34710250	49025325	49038265
22	71073	71078	rs75330836	rs140651068	49038422	49038940
22	71079	71128	rs9628510	rs5771886	49039354	49047415
22	71129	71266	rs12485211	rs5771920	49047595	49060803
22	71267	71293	rs4925431	rs12484583	49060976	49062568
22	71299	71300	rs12485017	rs12483775	49063587	49063588
22	71310	71328	rs9628593	rs5771705	49064619	49065944
22	71330	71354	rs5771928	rs6010579	49066378	49070189
22	71355	71361	rs143529586	rs17223657	49070327	49071116
22	71364	71393	rs58577646	rs140830901	49072727	49077218
22	71394	71420	rs130100	rs78014641	49077326	49081520
22	71423	71489	rs117279535	rs910571	49083097	49090924
22	71491	71497	rs882339	rs62225009	49092103	49092753
22	71498	71545	rs11204501	rs132228	49092967	49097590
22	71547	71674	rs28523633	rs132250	49098031	49115439
22	71676	71813	rs130171	rs695689	49116651	49146299
22	71815	71817	rs131961	rs131965	49149667	49150017
22	71819	71824	rs117023465	rs9617383	49150216	49151848
22	71825	71906	rs131970	rs9628488	49152142	49175091
22	71911	71933	rs17224188	rs131034	49176835	49181542
22	71935	71937	rs131035	rs131037	49183004	49183619
22	71938	72042	rs71311647	rs9617464	49184021	49201704
22	72046	72047	rs73425813	rs5771860	49202946	49203073
22	72049	72061	rs9628491	rs9617400	49203354	49204012
22	72062	72063	rs59581972	rs73425828	49204047	49204408
22	72064	72065	rs8135971	rs8139003	49204605	49204613
22	72066	72067	rs5771664	rs5771863	49204632	49204660
22	72070	72298	rs5771665	rs28585092	49205498	49261406
22	72301	72302	rs73889858	rs73889859	49262174	49262255
22	72306	72308	rs28451832	rs28497237	49263108	49263192
22	72310	72311	rs73889862	rs28473531	49263372	49263431
22	72312	72318	rs28589612	rs28538790	49263897	49264683
22	72319	72323	rs35938512	rs28574787	49264754	49266585
22	72326	72369	rs28545596	rs111220621	49268055	49277898
22	72370	72371	rs28395348	rs28604929	49278546	49278563
22	72372	72437	rs4072627	rs713700	49278877	49295400
22	72438	72461	rs17000023	rs78346689	49295414	49300692
22	72462	72542	rs12628538	rs1108924	49301288	49316642
22	72544	72560	rs4824001	rs78477350	49317906	49319276
22	72562	72564	rs74201797	rs4824005	49320869	49321780
22	72565	72717	rs74278800	rs12170910	49321923	49340311
22	72718	72720	rs9627989	rs5770315	49340865	49341192
22	72721	72727	rs11090961	rs5769619	49341381	49342818
22	72728	72747	rs5770382	rs9616628	49343174	49348294
22	72750	72751	rs2024699	rs9616312	49349014	49349392
22	72752	72754	rs62225945	rs2024701	49349694	49350190
22	72757	72797	rs6009715	rs66763638	49351462	49364407
22	72798	72844	rs5769701	rs62221249	49364648	49379066
22	72845	72851	rs5770680	rs4499538	49379178	49379608
22	72852	72857	rs5769738	rs111067007	49380164	49381241
22	72858	72860	rs62221250	rs200238491	49383277	49386659
22	72861	72955	rs5770702	rs5769803	49387194	49411446
22	72956	72959	rs5769372	rs4823968	49411575	49411854
22	72960	73088	rs1548245	rs9616417	49412197	49439071
22	73089	73102	rs6009377	rs4823979	49440713	49447101
22	73103	73104	rs4823981	rs4823982	49448164	49448259
22	73105	73106	rs5769852	rs6009142	49448476	49448591
22	73107	73213	rs9616420	rs9616227	49448700	49478958
22	73214	73217	rs9616422	rs9616228	49480858	49481724
22	73218	73222	rs6009435	rs6009160	49481919	49482864
22	73223	73224	rs5769400	rs910308	49483238	49484533
22	73227	73263	rs738554	rs9616429	49485325	49493066
22	73265	73330	rs5769893	rs135243	49494179	49523135
22	73331	73332	rs135246	rs5769920	49524136	49524168
22	73333	73334	rs113885212	rs2318937	49525272	49526767
22	73335	73341	rs135247	rs135252	49527653	49529965
22	73342	73346	rs135253	rs135257	49530268	49530553
22	73347	73348	rs739195	rs5769417	49530626	49530818
22	73349	73356	rs135258	rs5769927	49531408	49533397
22	73357	73510	rs4549221	rs11703418	49534296	49556201
22	73511	73513	rs8140282	rs4823919	49556463	49556646
22	73520	73579	rs73889908	rs5769980	49558617	49562314
22	73580	73718	rs79865587	rs9627897	49562573	49575758
22	73719	73720	rs12627839	rs73171115	49575789	49575942
22	73721	73724	rs9616482	rs4572706	49576222	49577622
22	73726	73728	rs5769996	rs734488	49577871	49578285
22	73729	73733	rs75336840	rs17225983	49578370	49579215
22	73735	73736	rs10212061	rs6009534	49579609	49579969
22	73737	73767	rs9616484	rs9616487	49580069	49584090
22	73768	73791	rs59554808	rs117177062	49584172	49590807
22	73792	73806	rs73171134	rs739081	49591115	49591786
22	73812	74030	rs5770011	rs2858629	49592809	49637233
22	74033	74099	rs6009196	rs2157241	49637692	49657482
22	74105	74106	rs5769512	rs5769513	49658565	49658566
22	74108	74112	rs4988984	rs78066928	49658802	49658998
22	74115	74117	rs2858648	rs2177319	49659547	49659604
22	74120	74122	rs2858650	rs28642729	49661315	49661335
22	74124	74125	rs61710532	rs58112748	49662317	49662318
22	74126	74169	rs71316525	rs734325	49662324	49672171
22	74170	74172	rs199637393	rs539213745	49672574	49672577
22	74173	74193	rs7291370	rs8136272	49672952	49678782
22	74195	74247	rs2688106	rs2858508	49679988	49686283
22	74248	74249	rs7286313	rs7286890	49686438	49686659
22	74250	74337	rs6009585	rs5770226	49686873	49701036
22	74338	74348	rs5769554	rs2688075	49702017	49705010
22	74349	74350	rs78121518	rs74279464	49705342	49705811
22	74352	74353	rs5016417	rs1124544	49706288	49706433
22	74354	74382	rs2319173	rs34825438	49706512	49717223
22	74383	74384	rs4824024	rs848769	49717291	49717345
22	74387	74415	rs848766	rs848749	49718364	49728790
22	74416	74475	rs17826141	rs73893231	49729175	49743970
22	74478	74479	rs2688065	rs2688064	49744568	49744569
22	74480	74490	rs848719	rs2319175	49745224	49747459
22	74491	74492	rs116932134	rs6009631	49747544	49747722
22	74495	74497	rs848714	rs848713	49749466	49749990
22	74499	74503	rs17000827	rs17000838	49750406	49750715
22	74504	74507	rs10211984	rs200396871	49750860	49750876
22	74508	74509	rs201059620	rs199517652	49750879	49750881
22	74510	74515	rs200659214	rs2177321	49751201	49751418
22	74518	74519	rs73893246	rs9627707	49751902	49751908
22	74522	74535	rs12628573	rs5769591	49753204	49755544
22	74536	74538	rs5770288	rs1403558	49755812	49756180
22	74539	74652	rs877160	rs9616302	49757255	49777195
22	74658	74660	rs5770343	rs5769607	49778924	49779586
22	74661	74663	rs5769608	rs9627994	49779591	49779771
22	74665	74667	rs4824027	rs62234004	49780016	49780796
22	74668	74669	rs199988319	rs111956459	49781022	49781023
22	74670	74671	rs71320608	rs145121640	49781131	49781133
22	74673	74675	rs145844537	rs567576962	49781271	49781291
22	74676	74677	rs5769612	rs5769613	49781344	49781525
22	74678	74680	rs138404321	rs6009652	49781549	49782071
22	74681	74770	rs6009653	rs2097363	49782700	49795239
22	74771	74834	rs2105874	rs136772	49795368	49800467
22	74836	74840	rs13057659	rs13056773	49801020	49801075
22	74841	74842	rs370091801	rs373340639	49801333	49801334
22	74845	74848	rs9627723	rs13057549	49801423	49801481
22	74852	74854	rs136773	rs2001065	49802450	49802712
22	74855	74945	rs6009658	rs73174874	49802824	49824381
22	74948	75031	rs6009680	rs5769651	49825733	49839292
22	75035	75036	rs8139967	rs8138283	49841412	49841479
22	75037	75070	rs73890781	rs77826050	49841671	49853431
22	75073	75098	rs5769657	rs1033372	49855674	49863849
22	75099	75219	rs75070163	rs75443765	49864494	49897464
22	75220	75238	rs77737694	rs7292351	49900276	49910517
22	75241	75242	rs134473	rs77078751	49911251	49911437
22	75245	75313	rs470018	rs4824054	49911808	49927144
22	75314	75317	rs134448	rs728028	49927174	49927498
22	75318	75319	rs2012540	rs8136975	49927650	49927716
22	75324	75333	rs1807723	rs5770525	49928522	49930353
22	75335	75703	rs9616681	rs5770654	49930716	50079641
22	75704	75705	rs57898010	rs60406184	50080164	50080267
22	75706	75707	rs4823950	rs4823951	50081845	50081854
22	75708	75804	rs738417	rs9616729	50082127	50108428
22	75809	75830	rs17001272	rs4823954	50113084	50119885
22	75832	75871	rs4824090	rs55873396	50120525	50138772
22	75874	75875	rs55787410	rs139820	50140802	50141778
22	75876	76464	rs139821	rs111700120	50141844	50343919
22	76468	76478	rs66473461	rs4076031	50345303	50346712
22	76480	76485	rs28634968	rs28567061	50347850	50348970
22	76487	76489	rs75842190	rs28649122	50349453	50349644
22	76495	76505	rs77981919	rs117609476	50351837	50355627
22	76506	76507	rs28645887	rs28691713	50356274	50356302
22	76508	76511	rs4078443	rs13811	50356555	50357416
22	76512	76513	rs29001615	rs62231873	50358197	50359167
22	76514	76526	rs78721569	rs62231881	50359902	50364098
22	76527	76609	rs36147371	rs137867	50414983	50449804
22	76612	76615	rs137869	rs713669	50450491	50451771
22	76616	76621	rs137875	rs6010223	50451951	50453878
22	76622	76648	rs5771299	rs137884	50454000	50462805
22	76651	76674	rs137886	rs79298	50464397	50468933
22	76675	76676	rs9308231	rs2294375	50469545	50469578
22	76678	76717	rs11101958	rs932330	50470516	50485026
22	76718	76725	rs137906	rs137912	50485793	50488153
22	76729	76730	rs5771133	rs5771135	50491150	50491379
22	76731	77239	rs9628277	rs11101951	50491441	50607411
22	77242	77243	rs6010195	rs6010196	50609904	50609905
22	77246	77392	rs76673347	rs730936	50610863	50665860
22	77394	77466	rs56133520	rs77096954	50666223	50684852
22	77468	77514	rs35820251	rs2267984	50686830	50698337
22	77516	77517	rs3817818	rs2272855	50699331	50699404
22	77520	77526	rs113475910	rs2072878	50700083	50703059
22	77527	77529	rs9617128	rs742185	50704267	50705059
22	77530	77549	rs760747	rs3761899	50705304	50710810
22	77550	77552	rs5771114	rs4838867	50711722	50711890
22	77553	77562	rs55893295	rs3901193	50712075	50712385
22	77563	77564	rs528650784	rs144397281	50712388	50712433
22	77565	77574	rs1555049	rs6010226	50712925	50714616
22	77575	77577	rs527619491	rs4992601	50714749	50714751
22	77580	77587	rs1127000	rs11547734	50716167	50719251
22	77589	77590	rs28442189	rs11547728	50720181	50720622
22	77592	77602	rs35278490	rs28604596	50720904	50724190
22	77604	77628	rs55709850	rs28607359	50724733	50737584
22	77629	77691	rs28647660	rs145681542	50738434	50763972
22	77693	77695	rs140933791	rs140693299	50764854	50765842
22	77696	77866	rs143135011	rs73439394	50765888	50834655
22	77868	78019	rs72490268	rs1056688	50835731	50881796
22	78020	78092	rs6010031	rs4342045	50882590	50923408
22	78094	78102	rs2232873	rs1055271	50925098	50928340
22	78104	78105	rs76350324	rs74765931	50933895	50933896
22	78108	78128	rs134970	rs131820	50935082	50952570
22	78129	78133	rs77954081	rs73172241	50952730	50955615
22	78136	78220	rs5770855	rs5770780	50959052	50995599
22	78221	78223	rs11913340	rs6010008	50996177	50998796
22	78224	78239	rs5770892	rs5770905	50999681	51006988
22	78242	78406	rs2269387	rs762668	51008452	51066990
22	78407	78476	rs13054262	rs6010046	51068016	51104170
22	78477	78480	rs9616906	rs9616907	51104680	51106979
22	78481	78484	rs68174505	rs713692	51108072	51109735
22	78488	78503	rs75347843	rs57201705	51112361	51120972
22	78504	78506	rs540310439	rs7286601	51120996	51121416
22	78507	78545	rs9616934	rs2341011	51122593	51139635
22	78546	78563	rs739365	rs76870387	51140316	51148993
22	78564	78572	rs9616946	rs6010061	51148995	51151724
22	78573	78604	rs58575791	rs5770824	51152265	51172460
22	78606	78607	rs5770825	rs1858748	51174331	51174662
22	78609	78699	rs6010067	rs202228854	51178607	51240820
