chr	start.index	end.index	start.rsID	end.rsID	start.bp	end.bp
21	1	5	rs78200054	rs71235075	9411410	9411785
21	6	48	rs71220884	rs372796018	9412503	9448874
21	53	55	rs368741731	rs370881841	9456045	9456326
21	62	70	rs576309716	rs575077928	9467086	9472828
21	85	87	rs553581438	rs534680183	9478024	9478027
21	88	90	rs189403754	rs537179246	9479686	9483297
21	92	101	rs371191807	rs185588977	9484839	9489632
21	103	104	rs147740501	rs371747243	9491375	9491645
21	110	113	rs374034966	rs372316387	9496408	9498692
21	114	116	rs138132461	rs372152129	9498720	9498724
21	118	253	rs369640476	rs79081621	9502837	9592938
21	257	258	rs374736099	rs372310487	9594966	9594978
21	260	261	rs78008576	rs76379973	9646689	9646690
21	270	291	rs369252323	rs75434219	9656693	9671019
21	296	297	rs376129107	rs370793666	9678948	9678949
21	299	300	rs375307259	rs368214816	9679292	9679293
21	302	303	rs74776735	rs77930715	9679783	9679917
21	305	321	rs371084203	rs367904612	9682159	9694695
21	323	326	rs368558230	rs539350014	9695781	9695835
21	328	330	rs555556284	rs544607682	9696141	9696210
21	332	333	rs371038925	rs375697842	9697625	9697626
21	339	340	rs369796797	rs373503802	9702262	9702265
21	341	342	rs372287485	rs576379466	9702345	9702346
21	347	348	rs545047818	rs371260138	9703754	9704093
21	351	352	rs374591161	rs375850303	9716835	9716855
21	376	378	rs377252712	rs572739230	9827703	9827903
21	379	386	rs75571503	rs75140497	9827968	9828830
21	388	389	rs373240934	rs376767097	9829443	9829508
21	390	391	rs577080509	rs546114582	9829758	9829759
21	393	394	rs370548374	rs75112728	9830023	9830024
21	407	408	rs76132195	rs78991566	9831492	9831493
21	410	412	rs77267992	rs534289127	9831775	9831779
21	413	443	rs76812529	rs571670730	9831891	9837936
21	444	445	rs79792449	rs2315798	9838657	9838661
21	456	457	rs145942397	rs148602992	9841899	9841900
21	460	461	rs556478158	rs71218498	9849099	9849359
21	463	464	rs78941336	rs527769083	9850915	9850919
21	466	467	rs76896365	rs77366478	9851155	9851157
21	468	469	rs79456366	rs77648594	9851702	9851703
21	470	471	rs372457426	rs71223258	9852367	9852369
21	473	474	rs71243915	rs541199028	9853470	9853473
21	476	477	rs79563125	rs80296111	9854189	9854191
21	478	479	rs74948183	rs78908364	9854437	9854438
21	480	481	rs75422217	rs79498778	9854532	9854533
21	485	486	rs534874183	rs554579847	9855929	9855930
21	491	544	rs146444499	rs552964654	9857568	9891930
21	547	614	rs574117322	rs2639870	9902558	9927109
21	615	616	rs373191387	rs369323132	9929955	9929998
21	618	628	rs372314626	rs377347400	9930372	9932709
21	630	637	rs368545014	rs186342239	9933969	9934404
21	638	639	rs543787573	rs557356919	9934740	9934750
21	641	642	rs577524218	rs540226439	9935939	9935940
21	643	647	rs11122791	rs531554599	9935942	9935988
21	648	653	rs545480797	rs550080371	9936009	9936022
21	655	656	rs536517258	rs571234861	9936323	9936531
21	658	661	rs376680575	rs143826215	9943564	9944586
21	663	666	rs369799874	rs368029614	9946049	9947580
21	667	668	rs76496921	rs182450138	9948970	9949412
21	672	677	rs145837540	rs530353042	9950495	9952751
21	678	679	rs558997272	rs186554803	9954512	9954524
21	680	681	rs189820349	rs550099610	9955015	9955585
21	682	689	rs369439797	rs371172381	9955756	9956634
21	692	701	rs553377880	rs188114828	9959009	9960291
21	705	710	rs375256467	rs374267014	9966843	9972073
21	711	714	rs376101925	rs139082501	9972507	9972912
21	716	718	rs373405162	rs143204512	9978423	9979382
21	719	720	rs550923796	rs373994453	9983144	9983438
21	723	724	rs564612246	rs533350188	9987288	9987289
21	725	729	rs148394252	rs372828473	9987306	9988037
21	730	731	rs369766960	rs578126149	9988907	9988933
21	732	735	rs370518976	rs370720592	9989196	9990406
21	736	738	rs76092870	rs368522818	9990647	9994652
21	739	740	rs182619823	rs187321629	9996642	9996814
21	744	745	rs76965493	rs79314769	9997138	9997143
21	746	747	rs377366724	rs555291198	9997502	9997503
21	751	754	rs367836294	rs373086179	9998965	10003403
21	756	757	rs550966058	rs564486776	10008192	10008193
21	759	766	rs371739540	rs373006350	10009196	10014572
21	770	772	rs536352381	rs369761112	10024147	10024476
21	775	776	rs370220027	rs374373576	10031728	10031831
21	778	780	rs371293524	rs368527570	10085649	10085654
21	782	784	rs569076240	rs558272230	10087064	10087068
21	786	787	rs374854815	rs376166087	10101480	10101514
21	794	797	rs578161237	rs573941384	10141532	10141535
21	798	801	rs372168964	rs536347579	10151068	10157925
21	806	807	rs371361364	rs376232428	10187291	10187293
21	809	819	rs189473881	rs369310873	10199261	10212286
21	820	824	rs527858118	rs368472558	10370644	10390716
21	827	828	rs374145032	rs368663717	10405994	10405997
21	834	863	rs3870672	rs78386124	10418096	10461007
21	871	872	rs2689071	rs76310522	10485042	10486460
21	875	876	rs80353910	rs375477898	10507349	10510646
21	882	886	rs75375272	rs74814918	10517910	10524913
21	887	890	rs374459969	rs565900170	10525343	10525848
21	891	893	rs540709098	rs78474105	10526410	10527147
21	900	908	rs78333640	rs4272491	10542507	10555017
21	910	911	rs71217788	rs71217789	10562799	10562814
21	920	921	rs79387634	rs373510463	10596026	10596027
21	933	934	rs71272146	rs77895668	10618693	10618720
21	951	954	rs527838840	rs369483871	10633282	10640707
21	962	963	rs368953020	rs112954616	10698705	10698707
21	966	967	rs71245707	rs149853400	10699075	10699076
21	970	971	rs28826001	rs28860313	10699723	10699728
21	972	1632	rs28874724	rs112393420	10700536	10909629
21	1634	1640	rs9996	rs144688	10910311	10916916
21	1642	1643	rs9980995	rs9982106	10923131	10923132
21	1646	1650	rs190028	rs212133	10923989	10931256
21	1653	1654	rs376171437	rs573333542	10934245	10934247
21	1655	1656	rs689289	rs689278	10937922	10937924
21	1662	1663	rs4528861	rs210535	10951161	10951162
21	1666	1667	rs77122005	rs544663323	10969157	10969158
21	1669	1760	rs468525	rs12481873	10970017	11031286
21	1764	1765	rs8128840	rs2979619	11032173	11032175
21	1767	1768	rs2479471	rs2480032	11033803	11033804
21	1770	1772	rs1617938	rs75596890	11034041	11034047
21	1775	1776	rs3902119	rs4484117	11035207	11035210
21	1778	1779	rs2257911	rs2430054	11035311	11035313
21	1783	1784	rs1830442	rs2768870	11036834	11036836
21	1785	1786	rs673211	rs76662241	11037148	11037151
21	1799	1801	rs199988002	rs9637259	11043026	11043030
21	1805	1806	rs10222042	rs58170557	11043946	11043950
21	1812	1813	rs2951033	rs9789893	11046604	11046605
21	1818	1819	rs468062	rs468605	11047979	11047980
21	1821	1822	rs2740331	rs457619	11048190	11048194
21	1826	1829	rs1640137	rs2259246	11049225	11049231
21	1836	1837	rs2537298	rs2537299	11051839	11051840
21	1839	1840	rs7275781	rs4111238	11052607	11052611
21	1841	1842	rs2979625	rs2979626	11053053	11053055
21	1846	1847	rs2908363	rs2698586	11053903	11053906
21	1849	1850	rs2775327	rs2259004	11054280	11054282
21	1854	1855	rs157528	rs4111235	11055513	11055514
21	1863	1864	rs4368423	rs4368424	11057448	11057451
21	1872	1873	rs209029	rs2838205	11060502	11060505
21	1874	1875	rs8127502	rs8132494	11062489	11062490
21	1881	1882	rs8127616	rs8127617	11064518	11064520
21	1897	1899	rs10154153	rs12162569	11071215	11071220
21	1910	1913	rs2537340	rs2775375	11076697	11077863
21	1914	1915	rs79404545	rs80107598	11077915	11077916
21	1925	1926	rs283395	rs4009983	11080890	11080892
21	1931	1932	rs4605458	rs4444628	11082211	11082213
21	1934	1935	rs9637240	rs651045	11082432	11082435
21	1938	1940	rs61543948	rs57132742	11083638	11083654
21	1941	1942	rs75114184	rs4563330	11084660	11084663
21	1946	1947	rs77671641	rs2943982	11085235	11085237
21	1960	1961	rs461789	rs4635614	11093725	11093726
21	1962	1963	rs465709	rs4913750	11093820	11093821
21	1965	1966	rs595623	rs1831213	11094910	11094914
21	1972	1973	rs7278784	rs7278785	11097143	11097147
21	1974	1975	rs200140180	rs2740281	11097275	11097276
21	1979	1980	rs73151874	rs112614389	11098723	11098724
21	1988	1989	rs71243992	rs1810405	11100453	11100457
21	1997	1998	rs62210316	rs62210317	11107116	11107120
21	2005	2006	rs79916427	rs4913780	11109563	11109570
21	2012	2013	rs112651997	rs112620374	11111611	11111615
21	2014	2015	rs113377071	rs111766345	11111643	11111659
21	2016	2017	rs76839900	rs78291405	11111721	11111722
21	2021	2022	rs2340551	rs2340552	11113066	11113067
21	2028	2029	rs76015025	rs77065931	11113856	11113862
21	2033	2035	rs78398601	rs140960583	11114891	11114893
21	2043	2044	rs199534361	rs1854254	11117542	11117543
21	2055	2056	rs7280267	rs2341325	11121128	11121132
21	2057	2058	rs149593139	rs143414902	11122658	11122659
21	2059	2060	rs139414507	rs455472	11122664	11122667
21	2069	2071	rs75041267	rs12626867	11124181	11124199
21	2073	2074	rs62213863	rs62213864	11124489	11124492
21	2079	2080	rs1782841	rs1739183	11125265	11125266
21	2084	2085	rs7509732	rs9980403	11125612	11125613
21	2087	2090	rs75954645	rs76448377	11126185	11126188
21	2091	2092	rs78998388	rs79860531	11126266	11126268
21	2093	2094	rs61358538	rs75210717	11126288	11126289
21	2100	2101	rs62210188	rs62210190	11127276	11127282
21	2104	2106	rs76643232	rs79709321	11128370	11128387
21	2110	2111	rs77788148	rs55856423	11128968	11128969
21	2112	2113	rs78913284	rs77107873	11129073	11129074
21	2115	2116	rs76422150	rs4414764	11129151	11129153
21	2117	2118	rs79560626	rs80240838	11129280	11129281
21	2123	2124	rs77819058	rs603299	11129979	11129980
21	2126	2127	rs2339079	rs2339080	11130218	11130221
21	2129	2130	rs10433016	rs4468902	11130820	11130821
21	2138	2139	rs62219832	rs79162212	11131402	11131406
21	2152	2153	rs12162557	rs77915200	11132600	11132610
21	2154	2158	rs568422183	rs545962243	11132749	11132761
21	2160	2161	rs2770475	rs80044838	11135444	11135447
21	2165	2168	rs469711	rs469778	11136551	11137095
21	2170	2171	rs11184087	rs11184088	11137662	11137674
21	2172	2176	rs75947397	rs80333830	11137784	11137800
21	2177	2178	rs71273539	rs10439764	11137844	11137847
21	2179	2180	rs3118653	rs76798137	11137935	11137939
21	2184	2185	rs28468585	rs28643537	11138260	11138265
21	2208	2209	rs2339065	rs2339066	11146318	11146319
21	2212	2214	rs2951057	rs2951059	11147868	11147889
21	2217	2218	rs9712653	rs9712756	11149166	11149167
21	2231	2232	rs62221460	rs62221461	11162038	11162042
21	2238	2239	rs2002788	rs2006087	11179799	11179800
21	2244	2245	rs1806907	rs8131346	11186097	11186098
21	2250	2252	rs575769	rs465421	14338286	14340641
21	2256	2274	rs9975771	rs9975530	14343711	14357340
21	2277	2881	rs62221092	rs3126365	14360638	14710274
21	2883	2884	rs11909026	rs11909027	14711475	14711478
21	2887	3261	rs3926822	rs468064	14711807	14831607
21	3262	3266	rs3126409	rs117545	14832310	14833368
21	3269	3404	rs57043260	rs141929765	14835359	14879891
21	3405	3408	rs76398581	rs35033681	14879956	14881626
21	3412	3413	rs146206451	rs151290176	14884564	14884668
21	3414	3416	rs1693859	rs201627250	14885027	14886110
21	3417	3518	rs142933532	rs73157605	14886111	14923527
21	3521	3636	rs9637058	rs117052056	14924935	14958373
21	3637	3641	rs575255131	rs200419378	14964561	14971756
21	3643	3646	rs2260115	rs141416092	14972686	14976218
21	3647	3652	rs6517866	rs139154616	14976249	14999835
21	3654	3667	rs532933198	rs568883905	15011681	15012081
21	3668	3669	rs371411863	rs551408102	15012095	15012102
21	3673	3674	rs370137975	rs28573117	15019983	15020798
21	3677	3696	rs12627342	rs111966885	15023888	15027513
21	3700	3701	rs7275964	rs7276264	15090177	15090335
21	3702	3709	rs142399927	rs56034639	15105913	15136191
21	3711	3724	rs2822080	rs117212750	15153041	15155657
21	3725	3741	rs62208755	rs80236146	15164647	15185054
21	3743	3744	rs114870571	rs199632382	15186550	15195014
21	3745	3755	rs79227417	rs8131963	15195144	15200556
21	3756	3758	rs147467515	rs371016944	15200809	15200933
21	3759	3769	rs9976954	rs114771736	15201031	15202502
21	3770	3773	rs2822189	rs2822193	15202922	15203625
21	3774	3822	rs9984128	rs28520345	15203801	15213137
21	3824	3871	rs140766061	rs62209075	15213556	15223035
21	3873	3887	rs28671416	rs2878253	15223094	15224047
21	3890	3942	rs9976755	rs143584635	15224406	15231482
21	3944	4178	rs77880550	rs199840821	15231666	15261834
21	4182	4190	rs147550348	rs144856738	15263044	15263346
21	4191	4323	rs190806371	rs138413031	15263599	15279827
21	4332	4609	rs400304	rs384202	15280652	15342572
21	4612	4613	rs142131373	rs11911060	15345149	15345152
21	4614	4615	rs8128952	rs62208206	15345167	15345168
21	4617	4618	rs143092705	rs8128969	15345198	15345208
21	4619	4740	rs117852611	rs117287102	15345734	15386191
21	4742	4743	rs1297106	rs11701277	15386807	15386826
21	4744	4745	rs187310187	rs191939551	15387095	15387096
21	4746	4747	rs3993079	rs2896649	15387105	15387106
21	4749	4750	rs142954660	rs2822365	15387224	15387278
21	4752	4900	rs3993073	rs74521749	15387787	15450778
21	4901	4902	rs75130270	rs79484469	15451212	15451250
21	4903	4907	rs11700863	rs2403727	15452351	15452975
21	4909	5170	rs73149893	rs2822436	15453479	15526090
21	5171	5172	rs34283087	rs8131931	15527705	15528501
21	5173	5320	rs77602229	rs147478670	15529206	15586117
21	5324	5348	rs2058461	rs55922129	15589279	15596282
21	5349	5720	rs73152951	rs9636780	15596381	15656277
21	5725	5729	rs1297128	rs1297126	15658127	15658737
21	5730	6069	rs1297125	rs8127673	15658830	15726466
21	6073	6074	rs11911121	rs80333726	15727354	15727418
21	6075	6333	rs2822620	rs2822672	15728574	15840827
21	6336	6337	rs73171335	rs719074	15842224	15842237
21	6339	6362	rs2822676	rs2822689	15844481	15854413
21	6363	6383	rs2822692	rs2822703	15856095	15862701
21	6384	6386	rs415503	rs68107885	15863523	15863743
21	6389	6396	rs1983538	rs1735230	15864345	15868238
21	6398	6399	rs2822707	rs7276231	15869593	15869685
21	6400	6415	rs17306388	rs6516836	15869998	15878439
21	6417	6420	rs77241977	rs2822710	15884322	15884475
21	6421	6494	rs3761320	rs9979080	15884949	15902287
21	6495	6497	rs12482557	rs2822753	15902495	15902978
21	6500	6508	rs2822755	rs36027342	15908375	15909878
21	6510	6556	rs1980955	rs62227199	15910567	15928370
21	6557	6610	rs7275507	rs3930263	15929330	15949933
21	6612	6643	rs112452390	rs410429	15950842	15960091
21	6644	6667	rs62227219	rs460852	15960230	15966421
21	6668	6675	rs461178	rs461853	15967973	15972823
21	6676	6687	rs12162546	rs1380450	15976639	15988057
21	6688	6693	rs1292585	rs59632562	15989929	15991030
21	6694	6695	rs928242	rs1292586	15991200	15991786
21	6702	6704	rs401697	rs141433105	15994737	15995715
21	6705	6717	rs407446	rs457036	15996276	16004402
21	6719	6859	rs462450	rs467000	16005130	16056121
21	6860	6874	rs457165	rs960479	16056850	16060592
21	6875	7039	rs467116	rs9989937	16062725	16091343
21	7040	7045	rs460014	rs2246699	16091441	16092214
21	7046	7192	rs2446696	rs2822906	16092252	16134783
21	7193	7195	rs2822907	rs2403806	16135896	16136181
21	7196	7215	rs11702007	rs79754834	16137182	16139409
21	7218	7377	rs2822916	rs55722833	16140490	16214544
21	7381	7409	rs8131259	rs2142455	16216399	16240210
21	7411	7443	rs35007911	rs34023635	16242551	16256077
21	7445	7513	rs2822971	rs2776036	16259220	16315838
21	7516	7793	rs75053141	rs144553965	16318684	16436923
21	7794	7796	rs117615752	rs78242766	16437965	16438087
21	7797	7831	rs13049809	rs2254956	16438779	16448500
21	7833	7834	rs2255190	rs9977895	16448896	16449415
21	7836	7843	rs2243778	rs77235895	16450918	16452056
21	7844	7851	rs996688	rs28705126	16452485	16455772
21	7852	7896	rs74363402	rs55666326	16456314	16480432
21	7897	7903	rs4817650	rs9978683	16480898	16483454
21	7904	7911	rs7282276	rs8126783	16484544	16487408
21	7912	7914	rs145732962	rs141594153	16487463	16487467
21	7916	7996	rs2026851	rs10482865	16488347	16511502
21	7997	8032	rs2403879	rs9974856	16511983	16525099
21	8035	8051	rs59949852	rs11088299	16528073	16536756
21	8053	8059	rs58228216	rs59210723	16540391	16544670
21	8064	8080	rs2205439	rs2823125	16546723	16558296
21	8081	8082	rs7275186	rs7275196	16560348	16560378
21	8083	8112	rs2823126	rs73894936	16561704	16576566
21	8113	8120	rs2823139	rs56038390	16576783	16582710
21	8121	8122	rs2823144	rs2823145	16582933	16583092
21	8123	8187	rs57221391	rs13052858	16583936	16600859
21	8188	8189	rs375057	rs396032	16601475	16601839
21	8190	8207	rs410610	rs421590	16602359	16612500
21	8209	8230	rs6517308	rs9305574	16620572	16641226
21	8231	8245	rs926132	rs2823206	16645589	16661170
21	8247	8290	rs2823207	rs2823233	16663004	16691926
21	8291	8293	rs35938410	rs9982060	16692538	16694048
21	8295	8296	rs12482597	rs12482629	16695327	16695456
21	8298	8335	rs28478640	rs17241283	16696415	16733493
21	8336	8360	rs1297247	rs1297253	16736037	16772982
21	8362	8429	rs2823253	rs17209200	16781136	16802554
21	8430	8506	rs1736013	rs2823290	16804330	16841303
21	8508	8527	rs12627419	rs2823296	16843157	16852537
21	8528	8549	rs9975243	rs9978349	16853276	16867076
21	8552	8553	rs4315611	rs80271204	16868875	16869023
21	8554	8635	rs8127275	rs12627676	16869159	16900893
21	8636	8645	rs56116400	rs2823337	16902028	16905800
21	8646	8827	rs2823341	rs7281601	16907757	16943758
21	8830	8839	rs9980144	rs13049677	16948224	16968210
21	8840	8848	rs147826439	rs117814486	16968574	16974840
21	8849	8903	rs2823383	rs2242859	16977568	17011441
21	8906	9367	rs9977149	rs9984651	17014200	17305780
21	9369	9565	rs74599880	rs9979672	17310427	17413179
21	9566	9576	rs2823583	rs6517685	17416605	17426883
21	9577	9636	rs1034117	rs7277113	17431897	17519796
21	9639	9658	rs4818253	rs2823623	17522844	17535201
21	9659	9673	rs9976577	rs2823636	17536183	17570649
21	9674	9801	rs8132399	rs13048738	17571475	17651306
21	9803	9804	rs239049	rs12482977	17654621	17655042
21	9806	9827	rs2823735	rs239064	17657785	17665452
21	9829	9839	rs151577	rs28461914	17667547	17668625
21	9842	9855	rs1449516	rs6650851	17670775	17677057
21	9856	9859	rs238943	rs74918102	17679187	17687539
21	9860	9861	rs239067	rs11700683	17691547	17691778
21	9863	9864	rs963519	rs239070	17693665	17693951
21	9865	9876	rs239075	rs239028	17696707	17707732
21	9878	9881	rs77856616	rs184550207	17721234	17725610
21	9883	9894	rs12626878	rs147783106	17726806	17741729
21	9896	9931	rs427761	rs9979218	17743053	17750912
21	9932	9991	rs2823761	rs35567924	17753126	17773243
21	9992	9993	rs430570	rs427377	17774438	17774439
21	9995	9996	rs12482151	rs12482152	17774631	17774632
21	9997	9998	rs1074741	rs240490	17774836	17774908
21	9999	10174	rs1900938	rs76313674	17775056	17828310
21	10178	10182	rs8126961	rs2823824	17833533	17838769
21	10183	10203	rs2823829	rs144048620	17841147	17899101
21	10204	10232	rs2823863	rs2823899	17915214	17966115
21	10234	10280	rs2823902	rs2211985	17971373	18001708
21	10286	10514	rs73363819	rs2823970	18003103	18050305
21	10520	10624	rs2823972	rs2824005	18054416	18095063
21	10626	10893	rs9975594	rs13046523	18096399	18217599
21	10894	10904	rs8133755	rs2178914	18217932	18221003
21	10905	11073	rs979045	rs2824115	18221925	18282765
21	11075	11077	rs2824117	rs2824118	18284079	18284531
21	11079	11082	rs2824120	rs2824122	18285200	18285474
21	11083	11149	rs34419588	rs8131408	18286771	18294143
21	11154	11159	rs9979230	rs4818307	18294834	18295194
21	11160	11163	rs8128502	rs2824140	18295717	18297166
21	11165	11193	rs7276436	rs9976698	18297459	18302996
21	11197	11359	rs2404442	rs9979078	18303649	18347660
21	11362	11367	rs4443077	rs77786212	18351719	18354555
21	11368	11410	rs73193478	rs8129957	18356323	18373340
21	11411	11412	rs142049842	rs4401284	18374824	18375475
21	11415	11638	rs2824166	rs2824226	18377341	18457828
21	11641	11642	rs72631904	rs67240109	18460515	18460547
21	11645	12048	rs2223079	rs202856	18461843	18632299
21	12049	12053	rs1501813	rs189947	18632671	18634770
21	12055	12265	rs17210850	rs62242884	18637686	18707378
21	12266	12314	rs2824277	rs206998	18709453	18733317
21	12315	12376	rs4536738	rs2824286	18740538	18766325
21	12379	12477	rs62240713	rs208933	18767941	18801877
21	12478	12479	rs208934	rs208935	18801893	18801931
21	12480	12481	rs7281024	rs7364035	18802041	18802144
21	12483	12484	rs733951	rs73660	18802848	18802992
21	12485	12539	rs4816756	rs2824306	18803231	18820248
21	12542	12545	rs2824311	rs112650045	18822262	18823024
21	12546	12551	rs8131123	rs2824312	18823065	18824403
21	12553	12557	rs13051669	rs2824313	18824785	18825200
21	12558	12573	rs7275441	rs77903101	18825905	18830593
21	12575	12582	rs9305820	rs13047367	18830810	18831481
21	12583	12633	rs77993509	rs80014612	18831822	18846286
21	12635	12637	rs56007464	rs2824326	18848856	18849848
21	12638	12764	rs140586869	rs78094833	18850541	18901170
21	12766	12768	rs2846888	rs79911050	18901820	18903073
21	12769	12771	rs62239877	rs211972	18903657	18904501
21	12772	12935	rs2251818	rs78718816	18904792	18950518
21	12937	13030	rs150671782	rs3737411	18951696	18985155
21	13031	13142	rs928248	rs78734304	18986727	19033649
21	13143	13151	rs138934906	rs117298694	19034259	19038184
21	13154	13158	rs2824429	rs2824431	19039522	19040421
21	13159	13161	rs2824432	rs4816762	19041179	19042024
21	13162	13183	rs7278715	rs7280580	19042323	19050673
21	13184	13190	rs8128554	rs77920879	19052087	19053542
21	13191	13197	rs8134235	rs4818369	19053909	19055075
21	13199	13404	rs928250	rs2824462	19055530	19102385
21	13405	13407	rs9637034	rs2200862	19109333	19115737
21	13408	13409	rs118159917	rs34514356	19117288	19120144
21	13410	13433	rs202022628	rs243578	19120457	19131877
21	13435	13436	rs28483951	rs8131431	19134765	19134859
21	13437	13438	rs28542969	rs1686639	19135351	19138537
21	13439	13440	rs79720263	rs77556414	19139025	19139481
21	13441	13457	rs2824483	rs243585	19139775	19151940
21	13459	13460	rs9976113	rs4818382	19153821	19153838
21	13461	13588	rs243587	rs7280998	19154417	19194251
21	13591	13685	rs2039249	rs35126150	19195839	19283168
21	13686	13689	rs8130106	rs2178943	19284240	19286918
21	13690	13727	rs7276331	rs2824563	19287365	19309916
21	13728	13785	rs34577587	rs2824577	19311490	19332129
21	13786	13906	rs174742	rs391970	19332324	19382136
21	13908	13964	rs158069	rs1394739	19383045	19413137
21	13965	13971	rs157744	rs209277	19414720	19421248
21	13972	13975	rs209278	rs2824616	19421860	19423145
21	13976	14020	rs1838711	rs2776084	19423571	19479035
21	14022	14034	rs113936936	rs2406167	19481093	19482907
21	14036	14077	rs205678	rs116869810	19483279	19493067
21	14079	14080	rs6517796	rs28697908	19493598	19493622
21	14081	14083	rs1491785	rs2824639	19493759	19494749
21	14084	14115	rs75989350	rs2824644	19494969	19505046
21	14117	14185	rs2824646	rs77039766	19506651	19529480
21	14186	14187	rs55872814	rs2824666	19531173	19531612
21	14188	14234	rs11702737	rs2178915	19531882	19548232
21	14236	14247	rs12626825	rs78711553	19550024	19551756
21	14249	14275	rs59108760	rs2824695	19552265	19559058
21	14276	14299	rs9984966	rs73316219	19560078	19565821
21	14302	14305	rs4635606	rs2150383	19567725	19568651
21	14306	14307	rs8134103	rs9979829	19569713	19570215
21	14308	14411	rs8133890	rs113704126	19570607	19652836
21	14412	14413	rs1023126	rs1023127	19654798	19655051
21	14414	14420	rs13052044	rs11909758	19655756	19658160
21	14422	14509	rs7283398	rs11088673	19659944	19682797
21	14510	14514	rs59347826	rs73322065	19682823	19683496
21	14515	14520	rs28637313	rs2406174	19684076	19686578
21	14522	14601	rs199839618	rs4452233	19687759	19713055
21	14602	14635	rs2824751	rs17781399	19713821	19722357
21	14640	14723	rs17836432	rs2210231	19724412	19781891
21	14725	14829	rs2824811	rs59548022	19783744	19817393
21	14834	14859	rs2824838	rs2824841	19824426	19844745
21	14860	14862	rs2824842	rs9985122	19845142	19846700
21	14863	14876	rs910644	rs74950594	19847803	19859963
21	14877	15061	rs73198367	rs1740197	19860810	19925224
21	15062	15084	rs11088681	rs2406338	19925907	19929628
21	15086	15324	rs2205487	rs6517826	19930184	20058598
21	15328	15715	rs2824997	rs952976	20060326	20151625
21	15716	15739	rs9305879	rs9637057	20152292	20162364
21	15740	15801	rs9305880	rs2825174	20163782	20198061
21	15802	16041	rs2825176	rs9984807	20199596	20249448
21	16042	16107	rs8127994	rs2825226	20249954	20282174
21	16108	16110	rs424092	rs1074352	20283845	20284516
21	16112	16274	rs431099	rs465463	20284946	20335019
21	16276	16335	rs11911605	rs366343	20337296	20357127
21	16336	16337	rs75744194	rs4487175	20358771	20359181
21	16338	16339	rs4425176	rs60455451	20359427	20360080
21	16340	16480	rs4557066	rs2825294	20360731	20404094
21	16481	16482	rs17784886	rs9983543	20404166	20404200
21	16483	16484	rs2825295	rs2825297	20404237	20405222
21	16486	16489	rs7276718	rs2056889	20407289	20407621
21	16497	16511	rs9976763	rs762006	20408978	20410380
21	16512	16549	rs8127145	rs9653750	20412631	20422074
21	16551	16563	rs9653673	rs28806580	20423427	20428452
21	16564	16728	rs9984723	rs2226409	20428911	20468652
21	16729	17291	rs2211934	rs2825507	20468806	20671213
21	17292	17293	rs1893645	rs2096797	20671326	20671384
21	17294	17308	rs1012196	rs856197	20675783	20682523
21	17309	17312	rs2051369	rs856193	20682878	20683875
21	17313	17314	rs9981935	rs856192	20684149	20684310
21	17315	17357	rs76490189	rs13049852	20684314	20701702
21	17358	17359	rs1961443	rs856172	20702284	20702296
21	17364	17408	rs8130172	rs1688098	20703610	20720894
21	17412	17597	rs856164	rs2407125	20724483	20827282
21	17598	17600	rs1489720	rs2825590	20827370	20828514
21	17601	17602	rs7278803	rs10084606	20829899	20829922
21	17603	17761	rs62211247	rs73213920	20830129	20896542
21	17762	17792	rs594038	rs128365	20896583	20912022
21	17794	17817	rs646510	rs9981920	20913684	20921066
21	17819	17828	rs397535	rs116305105	20921348	20922716
21	17831	17888	rs2825633	rs62210629	20923618	20938932
21	17891	17908	rs62210630	rs62210632	20940927	20944437
21	17911	17928	rs12627153	rs73318470	20951782	20960463
21	17934	17935	rs2825665	rs2825666	20961807	20961972
21	17936	18018	rs12329715	rs9980736	20962397	20981057
21	18020	18139	rs7282682	rs2825709	20981726	21020959
21	18140	18142	rs62210649	rs2825710	21021968	21022840
21	18143	18144	rs2825712	rs67323813	21023654	21023774
21	18148	18183	rs9982915	rs10854436	21024627	21037944
21	18184	18248	rs28652743	rs35482899	21039312	21056234
21	18249	18251	rs2825741	rs7280313	21056376	21056416
21	18252	18255	rs7281184	rs7281319	21056959	21057031
21	18256	18379	rs2825744	rs12626401	21057234	21086405
21	18380	18466	rs218338	rs56384310	21086609	21121094
21	18468	18558	rs62213204	rs9976736	21122129	21163493
21	18559	18689	rs2825793	rs2825857	21166090	21206794
21	18695	18831	rs7279545	rs2255812	21210548	21272853
21	18832	18961	rs2298513	rs400662	21272911	21314254
21	18964	19120	rs2825920	rs2825938	21314564	21377549
21	19121	19132	rs9636669	rs2825942	21378364	21386251
21	19136	19156	rs75208681	rs73317724	21387497	21392991
21	19157	19169	rs35983780	rs2825959	21393255	21396895
21	19170	19812	rs118005216	rs75331161	21398074	21642892
21	19815	20132	rs2826121	rs965902	21644193	21720145
21	20137	20179	rs1487938	rs67733363	21723458	21737675
21	20180	20265	rs13046101	rs6517945	21737921	21762162
21	20266	20267	rs2826222	rs2142423	21762443	21762521
21	20268	20301	rs2826223	rs13049466	21762918	21774440
21	20302	20317	rs2051271	rs59232446	21775361	21780955
21	20319	20367	rs150002407	rs1028278	21781097	21799390
21	20368	20369	rs7275794	rs7279335	21799739	21799765
21	20371	20383	rs9647215	rs28571658	21800698	21804781
21	20385	20467	rs1786433	rs1735889	21805764	21815683
21	20468	20470	rs57698868	rs7280300	21815948	21816114
21	20471	20472	rs58604542	rs1786352	21816379	21816407
21	20473	20474	rs1735888	rs2826254	21816449	21816578
21	20475	20476	rs1735886	rs2826255	21816786	21816809
21	20478	20482	rs2826258	rs57763817	21817381	21818560
21	20483	20961	rs60793182	rs4583544	21818582	21879776
21	20965	20971	rs8131148	rs747803	21880191	21881499
21	20972	20988	rs76796330	rs75661680	21881903	21887539
21	20989	20993	rs2826342	rs2187020	21889120	21890070
21	20995	21018	rs35313214	rs2826351	21893779	21901308
21	21019	21050	rs13339998	rs10460737	21901736	21906892
21	21051	21052	rs9305960	rs9305961	21906974	21906975
21	21053	21054	rs9305962	rs7510396	21907111	21907210
21	21055	21060	rs12626272	rs2826358	21907315	21907521
21	21062	21125	rs2826360	rs73225055	21907688	21921359
21	21129	21192	rs2826386	rs9976622	21925160	21954062
21	21194	21244	rs10470221	rs2128343	21955472	21978703
21	21246	21256	rs1735928	rs12627533	21979147	21982312
21	21259	21287	rs1600899	rs229406	21983394	21992124
21	21289	21290	rs58546493	rs139146626	21998288	22001388
21	21292	21322	rs229440	rs2128346	22008568	22022270
21	21324	21528	rs2178989	rs229468	22022585	22071679
21	21531	21532	rs8127915	rs8129001	22073572	22073607
21	21534	21542	rs60210880	rs74837829	22074318	22076824
21	21543	21547	rs77384293	rs229369	22077284	22078587
21	21548	21557	rs9984696	rs35900357	22079183	22081634
21	21558	21638	rs17729711	rs464692	22082899	22110406
21	21640	21742	rs117688357	rs8126602	22110873	22179707
21	21744	21748	rs2826524	rs2826526	22181799	22184343
21	21750	21788	rs2826527	rs4816835	22186040	22193289
21	21789	21790	rs4816836	rs2826546	22196256	22197073
21	21793	21816	rs9637120	rs61163150	22200200	22211075
21	21817	21831	rs11088836	rs1009164	22211214	22217613
21	21832	21909	rs75311439	rs2826581	22218302	22249511
21	21910	21987	rs79874080	rs2826600	22251114	22270748
21	21990	22164	rs73222671	rs2826634	22272140	22347927
21	22166	22265	rs61256589	rs117119726	22348312	22368345
21	22266	22267	rs7510540	rs6518017	22370494	22371166
21	22269	22302	rs4818592	rs35384524	22372085	22389690
21	22303	22316	rs9982963	rs9305991	22391951	22399462
21	22317	22448	rs8133604	rs12627240	22399718	22453888
21	22451	22454	rs7279470	rs8132432	22454137	22454364
21	22455	22494	rs13052170	rs1980968	22455046	22463143
21	22495	22529	rs2205333	rs2826658	22464679	22483336
21	22530	22533	rs8131385	rs17003811	22483561	22483987
21	22535	22558	rs3920995	rs9975924	22487484	22498773
21	22561	22563	rs115090797	rs2826665	22500564	22501231
21	22565	22651	rs71321781	rs2826712	22502219	22525758
21	22653	22746	rs77110503	rs59884792	22527209	22588175
21	22748	23347	rs7278295	rs7283430	22589517	22811781
21	23348	23352	rs2826841	rs232413	22812351	22813520
21	23354	23355	rs2826842	rs232414	22814241	22814309
21	23358	23403	rs55723640	rs56126034	22814683	22832441
21	23404	23454	rs9985113	rs233751	22833716	22852544
21	23455	23468	rs233755	rs12483671	22854153	22864581
21	23469	23519	rs12483545	rs201900912	22864921	22883075
21	23520	23521	rs233783	rs233784	22883278	22883287
21	23523	23524	rs233785	rs233786	22883370	22883404
21	23529	23560	rs9979578	rs13049184	22884292	22896615
21	23562	23659	rs7277436	rs1599228	22897405	22927639
21	23660	23688	rs12481761	rs80306751	22927799	22933167
21	23689	23704	rs78780384	rs236060	22933261	22938166
21	23706	23940	rs7277305	rs9306022	22941307	23039758
21	23941	23943	rs77067815	rs2826940	23041067	23043241
21	23945	24087	rs2826941	rs1735954	23044667	23108793
21	24090	24091	rs1735956	rs9306023	23109591	23109608
21	24093	24123	rs1735959	rs1735969	23110022	23122601
21	24124	24239	rs2826984	rs2827027	23123156	23148093
21	24240	24241	rs56234238	rs35345244	23148118	23149017
21	24242	24277	rs75332661	rs73326523	23149214	23164191
21	24278	24279	rs2827038	rs2827039	23164232	23164745
21	24281	24483	rs2827040	rs2849942	23167342	23241837
21	24484	24499	rs1574811	rs2827105	23242671	23252284
21	24500	24503	rs12483172	rs9976689	23253038	23254633
21	24504	24506	rs9975233	rs2827109	23257600	23258196
21	24507	24536	rs1740090	rs80307337	23258743	23271104
21	24541	24552	rs7283173	rs12626350	23272525	23275528
21	24555	24630	rs1892781	rs80302275	23277448	23304867
21	24632	24654	rs2211979	rs2154721	23306880	23320123
21	24655	24660	rs2827147	rs8128017	23321380	23321717
21	24664	24759	rs7282826	rs34556194	23324584	23362602
21	24762	24844	rs9974919	rs2827245	23363841	23494637
21	24847	24913	rs9975819	rs2000551	23505563	23562374
21	24915	25095	rs10482925	rs2827328	23563967	23647698
21	25096	25100	rs2827329	rs2244010	23648455	23650356
21	25101	25526	rs62210139	rs11910825	23651311	23783170
21	25528	25646	rs34404613	rs9978353	23784261	23862259
21	25648	25926	rs1827308	rs1918384	23866038	23978216
21	25927	25936	rs2827635	rs2178030	23979207	23982835
21	25937	25938	rs9977079	rs9979881	23984025	23984543
21	25940	25975	rs9977882	rs11700744	23986788	24003588
21	25976	25982	rs73235149	rs1849583	24004389	24006766
21	25983	26052	rs1849582	rs762383	24007772	24050128
21	26053	26057	rs35603308	rs2090026	24051362	24054705
21	26059	26064	rs1513732	rs77936823	24071413	24112852
21	26065	26066	rs28517560	rs28366882	24117905	24117906
21	26067	26068	rs28461721	rs28727309	24117920	24117921
21	26071	26283	rs9981577	rs75945848	24129169	24258413
21	26284	26293	rs244133	rs244139	24259123	24271567
21	26294	26295	rs200273070	rs149459017	24271794	24271804
21	26297	26298	rs35968959	rs11088942	24271835	24271839
21	26301	26421	rs55722659	rs1448369	24273272	24350599
21	26422	26426	rs2827785	rs66795148	24350775	24356507
21	26427	26609	rs244199	rs61155	24356704	24411034
21	26610	26612	rs2051265	rs198061	24412238	24412285
21	26613	26815	rs79720182	rs10470118	24412500	24468386
21	26816	26840	rs9636707	rs11911040	24468410	24476009
21	26842	27329	rs9984653	rs1380324	24476941	24628113
21	27330	27332	rs61661459	rs2827998	24628923	24629156
21	27335	27346	rs727826	rs2828002	24634507	24643581
21	27348	27350	rs2828003	rs60772373	24644984	24646994
21	27351	27391	rs7278726	rs7280410	24647608	24664034
21	27392	27532	rs8128601	rs2828061	24665076	24695405
21	27536	27537	rs2828065	rs2828066	24696533	24696665
21	27538	27540	rs2828067	rs2828069	24696921	24697186
21	27541	27646	rs973372	rs200690	24697989	24740573
21	27647	27690	rs4816902	rs60488573	24741057	24761322
21	27691	27808	rs57546904	rs2174337	24763160	24795540
21	27810	27812	rs71329915	rs113580588	24796292	24796437
21	27813	27955	rs1783277	rs2828169	24798543	24831180
21	27956	27957	rs1699994	rs1354484	24831432	24832016
21	27959	28232	rs12482806	rs11087878	24832873	24937681
21	28234	28273	rs8132987	rs975447	24938317	24965974
21	28274	28641	rs73228394	rs72631998	24966766	25052758
21	28644	28685	rs2828422	rs35642967	25053918	25075849
21	28686	28687	rs137925673	rs73232629	25084219	25086749
21	28692	28719	rs35431741	rs2828467	25092756	25100525
21	28720	28741	rs28428823	rs2039259	25100710	25106617
21	28744	28893	rs12483049	rs76563620	25107219	25145014
21	28895	29012	rs207536	rs13050280	25145452	25185136
21	29013	29022	rs207525	rs9983656	25186680	25192803
21	29023	29026	rs34382481	rs13048658	25194320	25195588
21	29028	29107	rs207462	rs11909549	25196417	25220390
21	29109	29190	rs1580951	rs146871098	25220564	25246316
21	29191	29289	rs9980644	rs9974962	25247908	25302900
21	29292	29299	rs8132822	rs2828636	25304662	25307858
21	29301	29321	rs59004290	rs78398969	25309612	25324090
21	29322	29327	rs4816921	rs73339769	25328443	25331700
21	29331	29352	rs61264038	rs4482571	25334144	25337220
21	29354	29393	rs4816924	rs2828664	25338333	25352365
21	29395	29794	rs16999117	rs2828785	25354810	25437505
21	29797	29798	rs2828786	rs56038395	25438579	25439083
21	29800	30336	rs8130467	rs11087905	25439774	25505329
21	30340	30370	rs1699628	rs2828861	25506497	25518723
21	30371	30374	rs2828862	rs1875851	25519726	25520736
21	30375	30429	rs2828864	rs2828884	25521585	25542852
21	30430	30561	rs2828885	rs12483524	25543479	25585177
21	30562	30563	rs74874267	rs2134874	25585634	25585640
21	30567	30625	rs73140925	rs2828927	25587344	25611218
21	30627	31055	rs62215788	rs11909846	25611711	25781028
21	31057	31114	rs13048048	rs11701947	25781403	25806295
21	31116	31117	rs2008805	rs2008807	25807006	25807069
21	31119	31455	rs113564603	rs2829153	25807737	25898082
21	31456	31461	rs2408970	rs17000016	25899581	25900944
21	31463	31587	rs12626434	rs73143642	25901317	25939412
21	31590	31591	rs8127528	rs8126987	25940779	25941083
21	31592	31653	rs8131639	rs2829186	25941262	25962522
21	31657	31821	rs2829188	rs74312367	25964614	26027394
21	31822	31823	rs78811768	rs80189749	26028021	26028305
21	31824	31900	rs2015560	rs2298515	26028890	26058373
21	31901	31902	rs2829257	rs8126788	26058659	26058934
21	31904	31994	rs2829259	rs2187292	26060052	26089115
21	31997	31998	rs2829293	rs2829294	26091090	26091601
21	31999	32601	rs2829295	rs762205	26092453	26327951
21	32604	32639	rs2829488	rs2829498	26332318	26364244
21	32640	32648	rs2829499	rs2829502	26364281	26378965
21	32649	32741	rs2409060	rs2829541	26379713	26468200
21	32743	32784	rs4817001	rs1024316	26474599	26504884
21	32786	32814	rs1475847	rs13052703	26509668	26520748
21	32815	32819	rs4614997	rs2829563	26521234	26523735
21	32820	32828	rs2829564	rs2829570	26524456	26525313
21	32830	33211	rs2829572	rs2187053	26525655	26735187
21	33212	33216	rs9636568	rs2151	26735619	26740012
21	33217	33219	rs73156657	rs2829718	26740446	26757168
21	33220	33227	rs56007823	rs2829727	26760380	26764171
21	33228	33230	rs8127065	rs2211761	26766220	26766888
21	33231	33232	rs76552327	rs9981615	26766911	26767468
21	33235	33237	rs11910463	rs2829729	26768672	26769928
21	33238	33315	rs4817016	rs117006716	26771220	26831430
21	33316	33415	rs7279232	rs928882	26832490	26885124
21	33417	33871	rs2154470	rs79711664	26887427	27067934
21	33872	33912	rs184242703	rs12482698	27068064	27106826
21	33914	33924	rs67271845	rs928265	27111913	27121792
21	33925	33935	rs12627621	rs1015004	27122321	27129093
21	33937	34015	rs71651633	rs35827246	27134336	27177759
21	34016	34017	rs28542132	rs200146490	27177936	27177962
21	34019	34163	rs2829914	rs764280	27178550	27214411
21	34167	34168	rs13049669	rs13048822	27216839	27216840
21	34169	34177	rs1827748	rs2829950	27217000	27223152
21	34178	34183	rs74774100	rs34441189	27223748	27227615
21	34184	34188	rs2829952	rs73170786	27227998	27231621
21	34189	34304	rs2040273	rs78080702	27232198	27268710
21	34305	34377	rs7280059	rs413577	27271030	27330126
21	34382	34501	rs216757	rs3787637	27334041	27371667
21	34503	34598	rs45450599	rs2070655	27373371	27423561
21	34601	34602	rs9982732	rs9983556	27426823	27426961
21	34604	34670	rs2830029	rs8130594	27427592	27462777
21	34672	34677	rs2830051	rs6516725	27465355	27466326
21	34678	34682	rs67792436	rs112449681	27467908	27470373
21	34683	34948	rs2830053	rs468095	27471711	27561034
21	34950	34952	rs457728	rs455320	27563004	27564429
21	34954	35042	rs455889	rs117014139	27564982	27592637
21	35045	35216	rs457581	rs462112	27594480	27637704
21	35219	35255	rs468982	rs2830160	27638200	27651254
21	35258	35320	rs12483315	rs9981761	27651816	27672391
21	35321	35322	rs463124	rs1788291	27672456	27672542
21	35323	35327	rs7278192	rs62216034	27673836	27674259
21	35329	35351	rs459756	rs62636162	27676401	27683915
21	35352	35354	rs7409807	rs146920603;rs7409808	27684104	27684110
21	35355	35358	rs2830166	rs4817104	27684799	27685926
21	35359	35514	rs1543651	rs75179524	27686646	27743328
21	35515	35531	rs1478101	rs2830193	27743561	27749876
21	35532	35562	rs219712	rs2830195	27751176	27767685
21	35563	35592	rs374013	rs183407	27769749	27777181
21	35593	35594	rs2830199	rs2830200	27777617	27777778
21	35595	35596	rs2830201	rs2830202	27777822	27777846
21	35599	35639	rs113486061	rs60555964	27779544	27794139
21	35645	35682	rs2830215	rs150761	27796105	27810723
21	35685	35726	rs113947904	rs9977164	27812234	27841289
21	35727	35730	rs219644	rs219646	27841638	27844833
21	35736	35737	rs219647	rs219648	27846002	27846116
21	35738	35815	rs117420635	rs12627243	27846438	27877118
21	35818	35881	rs222973	rs56270247	27879069	27916378
21	35883	36269	rs222955	rs366384	27919864	28024225
21	36273	36574	rs4172	rs7279107	28025461	28094413
21	36578	36579	rs73355656	rs2830440	28094952	28095155
21	36580	36595	rs2830441	rs2187226	28095992	28103644
21	36596	36597	rs8127600	rs8127851	28104533	28104547
21	36598	36719	rs3017523	rs59520355	28105621	28145565
21	36721	36771	rs7276067	rs2830537	28146525	28169135
21	36772	36777	rs455633	rs457864	28170786	28171926
21	36778	36909	rs56213639	rs28412951	28171932	28207155
21	36910	36911	rs229040	rs6516747	28207390	28207448
21	36912	36913	rs229041	rs2738	28208468	28208904
21	36916	36940	rs229042	rs1663501	28210657	28219307
21	36941	37207	rs1444274	rs233577	28220167	28342205
21	37208	37225	rs72635027	rs8129090	28343157	28347567
21	37226	37292	rs1497290	rs76818884	28348083	28388656
21	37301	37675	rs2830630	rs1351019	28391583	28531558
21	37676	37677	rs2257178	rs1676557	28532011	28532089
21	37679	37681	rs62221606	rs62221607	28534224	28534994
21	37683	37764	rs171010	rs9636577	28539950	28563631
21	37765	37767	rs2830758	rs2830760	28564141	28564326
21	37769	37855	rs56974434	rs9976159	28564932	28582897
21	37857	37897	rs2830784	rs78322794	28586603	28618493
21	37900	37945	rs13049191	rs2830821	28622043	28631790
21	37946	38107	rs171008	rs2156293	28632409	28709877
21	38111	38112	rs8134995	rs463068	28711560	28711851
21	38114	38115	rs400970	rs2830854	28712208	28712418
21	38122	38365	rs9978024	rs2830914	28713216	28774259
21	38366	38418	rs239678	rs239649	28774317	28795375
21	38420	38427	rs2830928	rs2830929	28796122	28797889
21	38428	38437	rs2830930	rs72635039	28797896	28799894
21	38438	38446	rs2830936	rs72635041	28800412	28801602
21	38449	38515	rs239647	rs2830953	28803915	28822249
21	38518	38521	rs239622	rs239620	28823570	28824409
21	38522	38524	rs2212828	rs8132630	28825071	28827383
21	38525	38527	rs242326	rs1970051	28827690	28828060
21	38528	38567	rs4239787	rs242302	28828675	28843274
21	38569	38570	rs9983402	rs13050776	28843591	28843598
21	38572	38574	rs13047819	rs2830962	28844493	28844948
21	38575	38584	rs34727758	rs2830968	28846066	28849664
21	38588	38613	rs13047360	rs2199003	28851580	28867309
21	38614	38705	rs462290	rs460248	28868136	28930833
21	38710	38711	rs242321	rs242322	28933135	28933407
21	38712	38717	rs66492916	rs1020758	28934131	28936474
21	38718	38870	rs2831004	rs59256305	28936984	28991528
21	38871	39225	rs2187233	rs79094897	28991811	29124578
21	39228	39605	rs10854303	rs9975542	29126637	29285000
21	39606	39607	rs9978508	rs4817196	29285293	29285295
21	39613	39614	rs4816312	rs9974342	29289760	29289867
21	39616	40080	rs62210855	rs2831397	29291034	29421851
21	40083	40167	rs139464356	rs2007503	29422445	29447121
21	40169	40170	rs16981663	rs2831461	29447830	29448093
21	40171	40204	rs2831463	rs10470149	29448732	29468403
21	40205	40447	rs12152087	rs2831537	29468859	29516376
21	40451	40876	rs78293294	rs1236409	29522240	29726864
21	40877	41038	rs1738128	rs78935363	29727547	29803231
21	41040	41041	rs2250911	rs2250997	29803555	29803601
21	41046	41368	rs12482234	rs2831907	29804720	29954875
21	41370	41378	rs2831909	rs2831913	29955973	29958893
21	41379	41464	rs6516858	rs9981332	29959286	29990617
21	41467	42893	rs1153257	rs2832202	29992004	30501342
21	42895	42910	rs2832203	rs2832208	30502664	30506189
21	42911	43451	rs12627000	rs75564030	30506331	30845687
21	43453	43671	rs4816344	rs16984381	30847259	30948745
21	43674	43702	rs9985106	rs7277568	30957912	30972158
21	43704	43705	rs80048850	rs75817045	30973311	30973344
21	43706	43707	rs73350412	rs16984464	30973567	30973816
21	43708	43842	rs363429	rs16984653	30974378	31020557
21	43843	43844	rs12626669	rs28482013	31020875	31021061
21	43845	43860	rs363524	rs3026010	31021389	31034314
21	43861	44005	rs363567	rs59112328	31034381	31122450
21	44007	44060	rs4817302	rs367988	31126628	31152048
21	44061	44065	rs59265572	rs188678217	31153323	31154234
21	44067	44141	rs418688	rs416364	31155268	31191788
21	44142	44153	rs376911	rs73186477	31192285	31196650
21	44155	44198	rs2832447	rs464144	31197963	31210998
21	44199	44349	rs2205178	rs466093	31213091	31267040
21	44350	44539	rs465900	rs2832518	31267808	31371100
21	44540	44550	rs2832520	rs75116512	31373804	31381148
21	44551	44553	rs719528	rs2832531	31381933	31382068
21	44554	44557	rs2832533	rs9305406	31384297	31386243
21	44558	44781	rs440113	rs559599	31391595	31488234
21	44782	44823	rs2832631	rs478203	31497778	31547989
21	44826	45392	rs1943960	rs2186556	31551591	31753219
21	45395	45396	rs4816361	rs4816362	31753840	31753853
21	45397	45398	rs9305419	rs9636830	31754089	31754244
21	45399	45400	rs561327743	rs62222548	31754991	31754992
21	45401	46434	rs2409371	rs2833119	31755570	32204347
21	46435	46444	rs5843472	rs2833124	32207832	32214655
21	46447	46448	rs7275199	rs7283316	32216231	32216253
21	46449	46595	rs2833127	rs66926210	32216615	32279725
21	46596	46598	rs12482859	rs7282880	32280288	32280887
21	46600	46611	rs2833155	rs8133263	32283437	32287972
21	46613	46615	rs9982696	rs6516986	32288373	32288446
21	46616	46618	rs2833160	rs10483002	32289793	32290384
21	46619	46620	rs2833161	rs78792999	32290396	32290467
21	46621	46647	rs1892669	rs9976618	32291501	32303565
21	46649	46812	rs80258943	rs200079776	32304857	32365583
21	46813	46816	rs200705027	rs2032308	32365586	32365914
21	46817	47169	rs2226346	rs2833267	32365918	32457256
21	47170	47186	rs9980482	rs11909374	32458170	32462099
21	47187	47204	rs9808649	rs62221184	32462517	32469428
21	47206	47209	rs6517004	rs56054597	32470098	32470623
21	47211	47215	rs11701477	rs11088162	32471849	32472559
21	47217	47319	rs74314332	rs8131976	32472672	32523782
21	47321	47322	rs13048901	rs13049011	32524444	32524500
21	47324	47325	rs723470	rs723469	32525302	32525345
21	47329	47330	rs2833307	rs2833308	32526841	32526915
21	47331	47493	rs9647059	rs2268225	32527012	32666803
21	47495	47496	rs4816393	rs11701393	32667521	32667529
21	47497	47499	rs4817392	rs1977904	32667592	32667896
21	47503	47623	rs845934	rs579937	32669950	32738354
21	47626	47627	rs845689	rs845690	32741275	32741292
21	47630	47683	rs569008	rs845687	32743302	32766747
21	47684	47698	rs76059642	rs57391861	32769403	32776719
21	47699	47759	rs12627565	rs73195589	32778127	32808530
21	47762	47763	rs56933667	rs56171732	32810649	32810833
21	47767	47771	rs2284513	rs492322	32811251	32814799
21	47772	47810	rs743414	rs933142	32815957	32822716
21	47812	47813	rs516309	rs574127	32823222	32823415
21	47814	47816	rs11910274	rs111700678	32824033	32824073
21	47818	47820	rs2284516	rs497689	32824619	32824779
21	47821	47932	rs500486	rs34386255	32825090	32860389
21	47933	48015	rs141649148	rs55717995	32861697	32896326
21	48016	48018	rs76597179	rs150298384	32896456	32901327
21	48019	48021	rs58158751	rs2833437	32901454	32903625
21	48022	48069	rs9981279	rs62222875	32903888	32924009
21	48070	48072	rs7275555	rs75594203	32924393	32925898
21	48073	48134	rs6517046	rs2833463	32926897	32962558
21	48136	48230	rs55951829	rs7276460	32963263	33005483
21	48232	48338	rs59276671	rs8133369	33011105	33132918
21	48339	48399	rs204738	rs55878428	33134159	33154991
21	48400	48402	rs1698065	rs1783286	33155256	33156172
21	48404	48455	rs62221575	rs145870389	33157887	33177039
21	48456	48465	rs13049899	rs60687416	33177407	33180803
21	48466	48468	rs56250963	rs78744297	33181045	33181994
21	48471	48605	rs79868148	rs2154697	33182648	33230596
21	48607	48717	rs4816410	rs2833550	33231560	33270555
21	48722	48784	rs2833551	rs9305477	33275860	33300555
21	48785	48787	rs73350743	rs2186309	33300711	33301484
21	48789	48823	rs2409425	rs75194813	33302533	33323220
21	48824	48828	rs2833573	rs9979670	33323809	33325825
21	48830	48837	rs2833577	rs7276298	33326781	33329322
21	48838	48846	rs80230503	rs9680110	33330741	33333023
21	48848	48901	rs8130926	rs12710418	33333331	33353093
21	48902	48906	rs9979499	rs737103	33354147	33355760
21	48909	48923	rs8130810	rs4817443	33356469	33367467
21	48925	48995	rs2070371	rs2833611	33368188	33388230
21	48997	49066	rs11702666	rs140248213	33389386	33420832
21	49068	49088	rs11909531	rs4816415	33422036	33427169
21	49089	49093	rs2833624	rs2833626	33427293	33427852
21	49094	49113	rs9984312	rs2833635	33428049	33434580
21	49117	49144	rs59475484	rs62214185	33437627	33443299
21	49146	49147	rs2833636	rs915533	33444293	33444811
21	49148	49185	rs2833637	rs7276078	33445029	33453964
21	49188	49215	rs79323515	rs17401472	33455653	33469430
21	49216	49247	rs2833652	rs78976854	33470630	33482131
21	49249	49281	rs12481929	rs11700886	33483014	33501144
21	49282	49286	rs8129881	rs2833671	33502420	33505381
21	49287	49320	rs2833673	rs9983812	33506065	33528450
21	49322	49346	rs17560508	rs11700761	33529709	33537853
21	49347	49625	rs73197499	rs10427546	33538397	33669542
21	49628	49629	rs2254251	rs2298361	33671479	33671671
21	49630	49780	rs78356389	rs57658834	33672522	33771670
21	49782	49828	rs9975129	rs76961987	33774784	33785343
21	49829	49947	rs8134043	rs10854359	33786483	33826744
21	49949	50019	rs7276260	rs73192575	33830790	33862125
21	50020	50026	rs1892654	rs8131560	33863246	33864879
21	50027	50033	rs8131815	rs2096458	33865014	33867280
21	50036	50040	rs7277147	rs7278523	33874757	33876659
21	50041	50079	rs7279989	rs76327929	33877556	33895500
21	50081	50084	rs76390535	rs9979609	33903631	33906744
21	50085	50086	rs12481991	rs2833866	33909315	33909988
21	50087	50231	rs75873023	rs701729	33910658	33994248
21	50232	50610	rs845008	rs2834012	33994734	34301083
21	50611	50663	rs2014283	rs10211937	34303985	34335235
21	50664	50681	rs6517123	rs6517124	34340104	34352692
21	50682	50699	rs62216081	rs2834048	34352938	34359256
21	50700	50784	rs10048874	rs2834060	34360188	34375854
21	50785	50786	rs4816441	rs4816442	34376120	34376145
21	50787	50788	rs79742301	rs2834061	34376326	34376382
21	50790	50799	rs2834062	rs2834066	34377485	34380513
21	50800	50821	rs8130506	rs2834070	34381769	34387452
21	50822	50824	rs77857836	rs16990063	34387799	34388733
21	50826	50831	rs78751703	rs73350594	34390317	34392487
21	50832	50834	rs35474228	rs13049151	34392683	34393046
21	50835	50839	rs34895063	rs9975039	34394037	34396592
21	50840	50928	rs6517135	rs933111	34397571	34428025
21	50929	50931	rs2834079	rs724070	34430170	34431840
21	50932	50933	rs2834080	rs61618270	34432290	34432433
21	50935	50945	rs1000005	rs56058208	34433051	34441698
21	50946	50949	rs762180	rs80279707	34443781	34446577
21	50952	51027	rs11088237	rs4817533	34450578	34484850
21	51028	51053	rs79349296	rs2834095	34484928	34501141
21	51056	51063	rs2834097	rs1013059	34503707	34510880
21	51067	51115	rs79560822	rs7279992	34512653	34522753
21	51118	51182	rs12482619	rs2211791	34523891	34553685
21	51184	51235	rs11088240	rs2051188	34554794	34569215
21	51236	51237	rs999608	rs999607	34569686	34569734
21	51238	51318	rs4817548	rs16990353	34572466	34587897
21	51320	51421	rs9978523	rs9984273	34589270	34635065
21	51422	51430	rs999788	rs2843986	34638031	34647530
21	51431	51663	rs962859	rs9984913	34648123	34739333
21	51664	51665	rs17711780	rs62226373	34744239	34744902
21	51666	52132	rs9974246	rs2834268	34745856	35199880
21	52133	52144	rs879261	rs57360787	35200764	35208512
21	52146	52150	rs2284569	rs2268253	35216760	35219115
21	52151	52154	rs3787715	rs2409500	35219895	35221667
21	52155	52156	rs11911181	rs1537098	35223783	35224370
21	52161	52252	rs762185	rs9978563	35227103	35253918
21	52253	52257	rs11909881	rs13052780	35254088	35256000
21	52260	52263	rs2834288	rs743336	35264397	35265384
21	52264	52333	rs75586969	rs12626964	35265459	35289762
21	52335	52526	rs71326977	rs74766371	35290975	35360312
21	52527	52528	rs2834325	rs13052018	35360335	35360372
21	52531	52646	rs2834327	rs13046024	35362741	35406378
21	52648	52649	rs2834357	rs2834358	35407445	35407481
21	52652	52701	rs118112771	rs10470170	35408032	35425163
21	52702	52718	rs2154703	rs79607614	35426801	35446136
21	52719	52919	rs13052524	rs9982858	35447914	35577801
21	52921	52937	rs9983884	rs2017582	35580090	35589174
21	52941	53023	rs6517219	rs8128990	35596002	35654466
21	53025	53029	rs2834437	rs4817631	35656078	35657133
21	53030	53141	rs4817632	rs4817645	35657139	35724134
21	53147	53197	rs7283334	rs61740755	35725651	35772977
21	53198	53276	rs61746786	rs28700229	35773137	35815096
21	53277	53294	rs117876865	rs2236609	35816697	35822111
21	53295	53296	rs2070358	rs55857049	35822270	35822368
21	53299	53409	rs11088283	rs76272713	35823779	35861241
21	53411	53951	rs4817663	rs62211949	35862484	36000586
21	53952	53954	rs66632134	rs12626835	36000762	36000893
21	53955	53971	rs9983271	rs2070440	36002257	36011689
21	53972	54101	rs59971892	rs2834603	36012561	36092923
21	54103	54159	rs112338162	rs2834618	36094354	36119111
21	54160	54191	rs2834619	rs2834628	36119352	36125597
21	54193	54224	rs2834633	rs7276777	36127208	36159252
21	54226	54227	rs13051066	rs11700756	36164405	36165041
21	54229	54238	rs2249650	rs2253319	36180986	36188046
21	54240	54274	rs2243988	rs12483501	36202440	36224276
21	54276	54292	rs2834651	rs2268290	36228360	36236516
21	54294	54297	rs11088296	rs2834655	36237546	36238507
21	54298	54301	rs2252585	rs2268294	36241929	36243258
21	54302	54303	rs2015876	rs4366984	36244416	36244465
21	54304	54363	rs2300395	rs1475840	36245198	36278942
21	54369	54439	rs34902592	rs11700785	36282225	36338087
21	54442	54443	rs58144960	rs7278199	36339522	36339532
21	54444	54468	rs2834702	rs1981392	36340396	36353660
21	54469	54533	rs2834714	rs77112753	36357352	36379724
21	54535	54566	rs9984871	rs3746865	36383602	36411119
21	54571	54691	rs7280028	rs61038914	36416840	36482178
21	54693	54765	rs117683963	rs12626430	36482953	36522993
21	54767	54769	rs2834805	rs2017243	36524938	36526390
21	54771	54772	rs4817703	rs76629697	36527100	36527156
21	54773	54811	rs2075904	rs2834818	36527355	36543616
21	54812	54813	rs6517279	rs2834819	36543908	36543928
21	54817	54843	rs4817704	rs1977041	36546025	36559638
21	54845	54847	rs2834823	rs2242917	36560667	36560781
21	54848	54852	rs2834824	rs150398901	36561074	36561782
21	54853	54916	rs4817706	rs2834841	36563079	36579366
21	54917	54973	rs73210928	rs75357413	36579826	36602235
21	54976	54986	rs2834855	rs4817712	36604340	36611055
21	54987	55061	rs2178801	rs76016608	36612737	36661116
21	55062	55065	rs2834879	rs2834881	36662812	36666163
21	55066	55141	rs2834882	rs2834902	36666340	36688528
21	55144	55240	rs2834904	rs61609238	36689996	36740965
21	55241	55317	rs8129061	rs7277670	36742202	36787961
21	55318	55377	rs2242734	rs2242740	36789579	36820079
21	55378	55381	rs2243337	rs2834935	36820715	36821199
21	55384	55407	rs9981470	rs62217084	36822544	36843100
21	55408	55459	rs34810642	rs6517296	36844212	36882228
21	55460	55463	rs1003261	rs398718	36883073	36885917
21	55465	56207	rs114473307	rs752435	36886779	37277860
21	56208	56209	rs2835157	rs438540	37280704	37281585
21	56210	56253	rs119491	rs423619	37282827	37305826
21	56259	56874	rs2835165	rs8129612	37310356	37532963
21	56875	56878	rs1964180	rs9983513	37532996	37533789
21	56879	56919	rs8134897	rs62229324	37534050	37548401
21	56922	57057	rs2284623	rs2284631	37549320	37597681
21	57059	57063	rs193046004	rs186742595	37599438	37599463
21	57064	57066	rs7279574	rs13046850	37599642	37599655
21	57070	57084	rs7280549	rs7280062	37599777	37606670
21	57085	57160	rs117833633	rs9978339	37607741	37643241
21	57163	57243	rs7282050	rs28385572	37645863	37670697
21	57244	57256	rs8134244	rs9305583	37670758	37676443
21	57258	57296	rs56250126	rs218627	37678650	37756035
21	57297	57600	rs59627355	rs2409819	37757470	37868619
21	57603	57663	rs730265	rs2835380	37871886	37894089
21	57664	57934	rs9978278	rs380723	37894721	37995539
21	57936	58060	rs735391	rs2845793	37998467	38038249
21	58061	58067	rs114607750	rs8132974	38038272	38040461
21	58070	58100	rs2835422	rs12627431	38042412	38059842
21	58102	58122	rs2226828	rs2845801	38061220	38072772
21	58129	58161	rs79727496	rs732638	38074944	38091531
21	58162	58169	rs2070650	rs2249959	38092039	38097221
21	58170	58179	rs73210775	rs2835450	38098078	38107859
21	58181	58186	rs9981697	rs9974795	38108707	38112220
21	58187	58198	rs2070519	rs76431889	38113998	38122414
21	58203	58254	rs2845804	rs4501027	38129122	38153547
21	58258	58319	rs71332551	rs1041832	38155169	38183129
21	58321	58392	rs2835463	rs2835491	38184734	38221122
21	58395	58533	rs60611493	rs73905404	38224063	38295146
21	58534	58600	rs2850118	rs2032086	38295535	38328746
21	58602	58729	rs2032087	rs391554	38329158	38356085
21	58732	58975	rs73196097	rs16994699	38357586	38431184
21	58976	58977	rs4817842	rs4816559	38431628	38431637
21	58979	59496	rs1235345	rs58515696	38432325	38699031
21	59497	59499	rs57661399	rs9305617	38699186	38699884
21	59500	59521	rs62223908	rs2026262	38700241	38709544
21	59523	59525	rs73903585	rs73903586	38710850	38710971
21	59526	59528	rs2026263	rs1004471	38711031	38711202
21	59529	59532	rs1892563	rs7278145	38712209	38714185
21	59534	59880	rs59956749	rs4817876	38715028	38969672
21	59881	59904	rs8134567	rs8129759	38970253	38983111
21	59908	59909	rs13046760	rs73220479	38985312	38985633
21	59910	60267	rs74276345	rs4817888	38985724	39088007
21	60269	60274	rs117661466	rs80298356	39089652	39089816
21	60275	60355	rs857959	rs2835936	39090739	39126182
21	60357	60358	rs62224366	rs62224367	39129154	39129158
21	60360	60364	rs2850125	rs80289738	39130114	39132130
21	60365	60398	rs860798	rs62221968	39132781	39150573
21	60400	60405	rs858043	rs2835956	39152593	39154968
21	60406	60497	rs1787337	rs2835992	39155954	39197558
21	60498	60568	rs2154556	rs7276410	39198887	39223659
21	60570	60571	rs7276928	rs9978871	39225737	39225998
21	60572	60575	rs117575368	rs11702168	39226004	39227031
21	60576	60578	rs7284047	rs3787858	39227575	39227806
21	60579	60648	rs4816583	rs10775660	39229040	39253518
21	60652	60698	rs4817901	rs3787870	39254973	39285453
21	60699	60766	rs76150911	rs80171529	39285833	39327434
21	60772	60839	rs6517443	rs75290401	39328892	39355597
21	60840	60841	rs2836080	rs2836081	39355720	39355742
21	60850	60907	rs2836085	rs2226364	39359907	39379694
21	60908	60916	rs726806	rs76159700	39382095	39385837
21	60918	60925	rs2211850	rs2836118	39390219	39395877
21	60927	60940	rs16995724	rs144134353	39398787	39406802
21	60945	60955	rs2836127	rs7280622	39409289	39417006
21	60956	60958	rs2032091	rs8128627	39417372	39418485
21	60959	61504	rs80356029	rs2836307	39420609	39698055
21	61506	61509	rs9982937	rs57010538	39699029	39699661
21	61510	61564	rs73211967	rs2836334	39700196	39724773
21	61566	61583	rs2836335	rs2836338	39726140	39731913
21	61586	61626	rs2836340	rs737382	39733529	39748975
21	61628	61632	rs730854	rs2836351	39749486	39751929
21	61633	61667	rs2836352	rs2836371	39751955	39773528
21	61668	61705	rs2836372	rs8131436	39774348	39789606
21	61706	61708	rs112392766	rs2836380	39790518	39790940
21	61709	61778	rs2068967	rs1076817	39791861	39809392
21	61781	61783	rs62217941	rs2298335	39811162	39812481
21	61784	61798	rs2298336	rs2836410	39813287	39819563
21	61799	61800	rs2836411	rs8133240	39819830	39820408
21	61803	61815	rs2211871	rs2410030	39822650	39828844
21	61816	61817	rs2836415	rs10154182	39830556	39830620
21	61820	62008	rs73439066	rs2836474	39833060	39902512
21	62010	62037	rs3787914	rs2836488	39903359	39908540
21	62038	62039	rs1893200	rs1893201	39908763	39908770
21	62040	62169	rs9984958	rs62217464	39908935	39946229
21	62171	62206	rs9975132	rs881837	39946480	39955954
21	62208	62320	rs73217906	rs145304350	39958865	39996264
21	62321	62329	rs55651068	rs28465589	39996577	40001074
21	62330	62349	rs463226	rs456457	40001546	40011916
21	62352	62531	rs461679	rs9981654	40012670	40075492
21	62533	62543	rs75230349	rs76775190	40076731	40080939
21	62544	62594	rs9974911	rs717804	40081760	40106694
21	62595	62602	rs9976432	rs2836655	40107299	40116044
21	62607	62610	rs2836657	rs9982437	40119768	40123424
21	62612	62636	rs2836661	rs2836673	40124063	40133710
21	62637	62703	rs9981039	rs11088449	40135124	40185397
21	62704	62837	rs10854389	rs462776	40190620	40226486
21	62838	62847	rs465657	rs455426	40227694	40230373
21	62848	62855	rs1893203	rs7281259	40230704	40232103
21	62856	63004	rs425931	rs11910555	40232326	40278777
21	63006	63008	rs2000639	rs2836746	40280522	40281283
21	63009	63023	rs2836747	rs9982210	40282556	40288511
21	63026	63028	rs28514570	rs8128163	40288843	40289130
21	63030	63033	rs8129427	rs6517487	40289454	40289888
21	63034	63070	rs8133137	rs11701433	40290503	40296411
21	63073	63110	rs1888476	rs2836765	40297327	40305866
21	63112	63136	rs9977386	rs2836774	40308256	40316902
21	63138	63145	rs2836776	rs13052608	40318829	40320829
21	63147	63255	rs7278217	rs11088461	40321550	40354480
21	63257	63316	rs13047431	rs77633273	40354653	40368041
21	63317	63362	rs2410078	rs2836824	40369030	40380823
21	63364	63370	rs2236436	rs8130738	40382042	40383486
21	63371	63383	rs7276225	rs2836835	40384037	40388058
21	63385	63446	rs13049645	rs35474192	40389017	40403534
21	63448	63453	rs6517503	rs13050893	40404143	40407051
21	63455	63548	rs56283994	rs968063	40407661	40436953
21	63549	63551	rs417222	rs432239	40438021	40439136
21	63552	63585	rs2836866	rs2836873	40439262	40450830
21	63588	63590	rs2836876	rs8132483	40451794	40451844
21	63593	63598	rs2836877	rs13046370	40452573	40454823
21	63602	63632	rs140569896	rs403746	40456566	40471075
21	63633	63636	rs724732	rs58278207	40473197	40475118
21	63637	63638	rs371456115	rs7279465	40476083	40476413
21	63639	63644	rs2836888	rs2178835	40479387	40483956
21	63647	64245	rs76271499	rs2837004	40484726	40765511
21	64246	64259	rs13051571	rs11088475	40766048	40775381
21	64261	64265	rs7281561	rs12053751	40775412	40775499
21	64277	64278	rs8133460	rs9975823	40789754	40789762
21	64283	64303	rs8129943	rs2837035	40807057	40818379
21	64314	64318	rs3787926	rs9636959	40827356	40829243
21	64322	64338	rs34145284	rs71316678	40832446	40839630
21	64339	64341	rs9981594	rs9982529	40840604	40840878
21	64342	64436	rs13049451	rs4818046	40841279	40893405
21	64438	64442	rs485224	rs539187	40899071	40900285
21	64443	64729	rs643355	rs4818061	40900348	40979598
21	64734	64784	rs550569	rs610353	40981775	41019858
21	64786	64809	rs596618	rs28421599	41020601	41026963
21	64812	64813	rs11088491	rs631430	41027854	41028197
21	64816	64894	rs560812	rs2065314	41028533	41072130
21	64895	64896	rs6517557	rs2837126	41073006	41073378
21	64897	64959	rs9976947	rs8127619	41077512	41096818
21	64963	64978	rs78695875	rs2837133	41098725	41105069
21	64979	64982	rs1629066	rs2837135	41105129	41108661
21	64986	65567	rs460528	rs2837260	41111072	41225250
21	65568	65569	rs398802	rs8129710	41225542	41225770
21	65570	65579	rs17826655	rs67841606	41227462	41233318
21	65580	65582	rs438591	rs373139	41234440	41235350
21	65583	65593	rs374162	rs8133133	41235621	41238404
21	65594	65605	rs760149	rs59453553	41238456	41244545
21	65606	65607	rs35345669	rs56339442	41244759	41245016
21	65610	65644	rs2837263	rs2837269	41247892	41259941
21	65648	65682	rs2299753	rs2837272	41260363	41269489
21	65683	65730	rs62235456	rs2299762	41269516	41277700
21	65731	65732	rs2299763	rs2299765	41277789	41277845
21	65736	65737	rs2244287	rs968582	41278929	41278955
21	65738	65745	rs2244297	rs2299772	41279109	41280470
21	65746	65747	rs2299774	rs2299775	41280764	41280938
21	65748	65763	rs2299776	rs994810	41281464	41284211
21	65764	65783	rs9808735	rs9976166	41284522	41286599
21	65785	65832	rs78308060	rs4818101	41287638	41302234
21	65833	65854	rs2837296	rs34219509	41303134	41308677
21	65855	65858	rs1005412	rs1888494	41308948	41309645
21	65860	65861	rs76300835	rs76581110	41309976	41309986
21	65862	65863	rs2837309	rs12482580	41310371	41310443
21	65864	65937	rs55651028	rs73217377	41312909	41340886
21	65939	65940	rs59901545	rs60596029	41342225	41342227
21	65943	65944	rs1632648	rs2837338	41343592	41343650
21	65945	65957	rs35887396	rs1734848	41344479	41345994
21	65964	66050	rs149891442	rs2837373;rs551046084	41347909	41383839
21	66053	66057	rs2018943	rs62235573	41386139	41388084
21	66060	66124	rs76829475	rs112144016	41389691	41411052
21	66125	66126	rs9983207	rs9983282	41412497	41412498
21	66127	66128	rs928293	rs8128025	41412642	41413744
21	66129	66130	rs9981861	rs13049015	41415044	41415300
21	66131	66236	rs4818113	rs9974083	41415323	41444518
21	66237	66279	rs2837423	rs10222094	41444850	41454366
21	66281	66282	rs2297263	rs114285135	41455854	41457206
21	66285	66291	rs7282525	rs2205129	41460412	41464434
21	66293	66408	rs78471181	rs9975693	41466140	41510227
21	66409	66414	rs111067076	rs57550834	41510738	41512872
21	66416	66494	rs11911935	rs7275239	41513010	41531337
21	66496	66535	rs16999420	rs2837477	41531893	41542200
21	66536	66537	rs2837478	rs2898401	41543786	41544215
21	66538	66557	rs8131802	rs8130905	41544738	41549769
21	66558	66884	rs10854401	rs9977943	41550463	41667233
21	66886	66957	rs67184866	rs1007307	41667714	41684888
21	66958	66988	rs1000126	rs12626628	41685421	41705756
21	66989	67085	rs2205081	rs2837604	41708994	41760468
21	67086	67109	rs2837605	rs2837614	41761210	41766224
21	67110	67111	rs73214887	rs62223835	41769446	41769653
21	67112	67114	rs74711366	rs2222975	41769885	41769986
21	67116	67169	rs73359124	rs2837624	41772040	41801051
21	67173	67204	rs9981495	rs58704028	41803872	41816672
21	67208	67601	rs2837630	rs73364975	41818543	41917419
21	67604	67606	rs78209064	rs75136957	41917971	41918299
21	67609	67929	rs1554936	rs3827218	41918958	41993758
21	67931	68089	rs12626815	rs1537112	41994933	42029143
21	68094	68195	rs10854404	rs62224166	42031202	42058365
21	68197	68198	rs9653728	rs2837783	42059065	42059090
21	68199	68200	rs17758109	rs4818163	42060099	42060335
21	68201	68261	rs78111814	rs34236447	42060498	42085284
21	68262	68283	rs7276043	rs2837797	42085920	42103297
21	68284	68285	rs57736686	rs58114519	42104121	42104122
21	68287	68292	rs7278321	rs35255399	42105523	42107794
21	68294	68384	rs7279397	rs12483431	42108136	42139330
21	68385	68390	rs9976575	rs4818171	42139814	42141513
21	68392	68398	rs9982814	rs9984187	42142491	42145625
21	68401	68402	rs1001972	rs1571724	42147762	42148836
21	68403	68408	rs13047434	rs4491805	42150345	42152490
21	68409	68418	rs4818175	rs2837816	42152497	42154712
21	68420	68528	rs57589775	rs9978483	42156728	42182881
21	68530	68531	rs6517619	rs6517620	42183389	42183983
21	68534	68535	rs143218239	rs78823543	42190175	42190846
21	68537	68554	rs57292936	rs9974946	42191539	42197859
21	68555	68558	rs78181812	rs4818183	42197967	42199303
21	68560	68561	rs59079095	rs7283189	42201145	42201433
21	68562	68594	rs2898425	rs2837853	42201615	42206584
21	68596	68623	rs73903031	rs9975082	42208121	42218928
21	68624	68640	rs78280357	rs13052909	42219227	42224120
21	68643	68644	rs8130871	rs8133945	42226148	42226166
21	68645	68648	rs4302293	rs6517626	42226423	42226899
21	68649	68708	rs9975038	rs2837858	42228027	42251261
21	68710	68760	rs72613628	rs4581977	42253149	42274582
21	68762	68785	rs28706422	rs9982394	42276108	42281364
21	68787	68797	rs55901499	rs2837872	42281990	42283632
21	68799	68880	rs962265	rs7279444	42284169	42314002
21	68881	68919	rs76716042	rs9981855	42317200	42332519
21	68920	68923	rs112602887	rs9976194	42333532	42333908
21	68924	68925	rs7278669	rs9305716	42335080	42335623
21	68927	69001	rs9983526	rs2026277	42336263	42378317
21	69004	69079	rs62217852	rs1921981	42381141	42422547
21	69082	69084	rs34275925	rs17000509	42426694	42426742
21	69086	69087	rs2094877	rs62218915	42428769	42428951
21	69088	69286	rs2104809	rs2776341	42430011	42490274
21	69287	69318	rs2837957	rs1571731	42491120	42504356
21	69322	69412	rs10470194	rs9975138	42508620	42538349
21	69413	69414	rs62217923	rs8134160	42539293	42541202
21	69415	69421	rs2297272	rs734757	42542175	42543663
21	69425	69426	rs766850	rs3804026	42546817	42547293
21	69429	69451	rs8130833	rs73222254	42556885	42572514
21	69452	69479	rs3787933	rs9983496	42573589	42586130
21	69481	69484	rs10451740	rs2837970	42588731	42591611
21	69486	69501	rs34616176	rs2898441	42595176	42606524
21	69502	69513	rs35470608	rs2252576	42606757	42615293
21	69515	69531	rs9983699	rs2837992	42616479	42620520
21	69532	69535	rs9981553	rs1046210	42620680	42622786
21	69536	69605	rs2837995	rs58795078	42624470	42656617
21	69606	69607	rs9636986	rs1072869	42657487	42657548
21	69609	69611	rs2410416	rs9980146	42658473	42659015
21	69612	69723	rs76341229	rs8129297	42659146	42709596
21	69724	69760	rs8129480	rs2189512	42709737	42727708
21	69762	69812	rs114331769	rs2074559	42728516	42749377
21	69813	69832	rs78231422	rs11911705	42750312	42757103
21	69833	69854	rs9305739	rs60804820	42758710	42764193
21	69855	69877	rs9305743	rs73905358	42764948	42773822
21	69878	69884	rs466092	rs457870	42774541	42779056
21	69885	69936	rs458966	rs2838037	42782631	42811870
21	69937	69986	rs113907629	rs8133682	42812192	42819974
21	69988	70074	rs75970187	rs455281	42820432	42839072
21	70076	70135	rs743542	rs2410429	42840172	42856048
21	70136	70174	rs2410430	rs430915	42856116	42864743
21	70175	70177	rs401371	rs402303	42864812	42865151
21	70181	70331	rs58146697	rs9305749	42867667	42915004
21	70332	70333	rs11701062	rs9979417	42915121	42915988
21	70336	70337	rs11701152	rs2187236	42918795	42919545
21	70339	70341	rs1557371	rs9975623	42919922	42920296
21	70342	70369	rs13052864	rs2838063	42921146	42929129
21	70371	70373	rs2838064	rs4276096	42930177	42930969
21	70375	70484	rs73231939	rs28580771	42931782	42955173
21	70491	70522	rs58673630	rs7279294	43007672	43017597
21	70523	70548	rs77939510	rs7278439	43017984	43026334
21	70549	70550	rs73903449	rs74688298	43026367	43026507
21	70552	70554	rs73903450	rs73903452	43026962	43027373
21	70555	70570	rs59243317	rs7278918	43027475	43030644
21	70572	70573	rs9325611	rs79576668	43031145	43031778
21	70574	70575	rs8132851	rs73903455	43032477	43032573
21	70576	70579	rs2838074	rs4378891	43032820	43033338
21	70580	70581	rs73903456	rs8132804	43034439	43034973
21	70582	70583	rs2838075	rs2838076	43036634	43037448
21	70584	70585	rs13046221	rs4919949	43037526	43039756
21	70586	70588	rs11701761	rs11700520	43041009	43042019
21	70592	70614	rs9977264	rs6586245	43044458	43054661
21	70615	70636	rs73231997	rs7282997	43055790	43059884
21	70638	70641	rs9647276	rs7275423	43060391	43060705
21	70642	70644	rs7282757	rs2838078	43060826	43061285
21	70646	70648	rs12627435	rs12626928	43061829	43061847
21	70650	70651	rs4919921	rs2838081	43062771	43062859
21	70655	70656	rs7281051	rs7282146	43063388	43063756
21	70657	70669	rs17176538	rs61145110	43064230	43072455
21	70671	70672	rs2402162	rs2402161	43073400	43073941
21	70674	70676	rs8129208	rs76972452	43074507	43074545
21	70681	70683	rs2248865	rs2849685	43076296	43076906
21	70687	70707	rs11702330	rs2849696	43079645	43084120
21	70708	70747	rs76210510	rs2849703	43084753	43095937
21	70748	70758	rs2850129	rs7279061	43095986	43099309
21	70759	70822	rs12106341	rs62214219	43099585	43120665
21	70824	70825	rs9978238	rs9978529	43120816	43121106
21	70826	70834	rs11702276	rs8133496	43121187	43121793
21	70835	70837	rs8130711	rs6586224	43121958	43122243
21	70844	70854	rs7279092	rs11203151	43123052	43125561
21	70855	70876	rs13052067	rs34052233	43126676	43129961
21	70877	70898	rs34439510	rs2838096	43130030	43133829
21	70900	70902	rs62214246	rs8133546	43134734	43134878
21	70903	70907	rs149984657	rs73216971	43134886	43135161
21	70909	70917	rs4919931	rs4919935	43135545	43136728
21	70918	70942	rs10222189	rs6586231	43138836	43141552
21	70947	70956	rs7283002	rs9982898	43144340	43146533
21	70958	70959	rs2871117	rs2838102	43146680	43147004
21	70960	70961	rs11911506	rs73216980	43147016	43147040
21	70962	70983	rs11203153	rs9637286	43147252	43153370
21	70984	71007	rs2838109	rs9978542	43154953	43164859
21	71008	71021	rs12483161	rs2838116	43167406	43182319
21	71024	71025	rs6586237	rs4919944	43185345	43185765
21	71027	71045	rs10887971	rs13047351	43189846	43195679
21	71047	71050	rs12627623	rs3017437	43197859	43198329
21	71052	71071	rs34712210	rs112335151	43199623	43202555
21	71072	71073	rs7276566	rs2838121	43202682	43203034
21	71074	71076	rs7283743	rs73219026	43203188	43204305
21	71077	71080	rs113086198	rs3862034	43204842	43206699
21	71081	71107	rs3017439	rs72495597	43207150	43214683
21	71110	71166	rs7282290	rs4075970	43216667	43236481
21	71168	71172	rs28469625	rs28604512	43237843	43239672
21	71173	71175	rs28477638	rs28736741	43239972	43241018
21	71177	71179	rs28546531	rs28648706	43241938	43242091
21	71182	71308	rs28709710	rs12329807	43242760	43272995
21	71310	71311	rs2277794	rs915832	43274653	43275495
21	71312	71313	rs2850131	rs1105439	43275726	43275896
21	71315	71330	rs870531	rs9974678	43276783	43282775
21	71331	71337	rs7276510	rs11910647	43282803	43284097
21	71338	71343	rs8128042	rs11203190	43284116	43285513
21	71344	71349	rs9975406	rs2839398	43285876	43286352
21	71350	71356	rs2839399	rs1893587	43286429	43287013
21	71358	71399	rs7277616	rs13047344	43289206	43303275
21	71400	71402	rs60782969	rs35840201	43303475	43303558
21	71403	71438	rs3168	rs2839414	43305435	43316085
21	71440	71465	rs17766637	rs396690	43316506	43320750
21	71468	71469	rs3819159	rs382736	43321426	43321528
21	71472	71507	rs8133006	rs455508	43322489	43331362
21	71510	71511	rs4549207	rs111432318	43332606	43332610
21	71512	71516	rs2026283	rs9984984	43332623	43333504
21	71517	71543	rs2839420	rs3746909	43333968	43342046
21	71545	71546	rs369460	rs365163	43345053	43345207
21	71550	71568	rs7280126	rs12482015	43349040	43358614
21	71570	71572	rs9325615	rs9325617	43359680	43359769
21	71575	71576	rs9977045	rs9979420	43363686	43363703
21	71577	71581	rs429110	rs60114428	43364475	43365678
21	71582	71583	rs112581002	rs9983132	43367221	43367246
21	71584	71585	rs4920032	rs8128279	43368105	43369059
21	71586	71589	rs9978540	rs12185822	43369599	43372556
21	71590	71601	rs13046500	rs452841	43372833	43377711
21	71602	71623	rs4920041	rs381803	43378083	43387655
21	71626	71629	rs393953	rs1041451	43389036	43389361
21	71630	71755	rs403803	rs220213	43390099	43440228
21	71757	71771	rs11701616	rs2839440	43441250	43443498
21	71774	71775	rs75746226	rs220220	43444504	43444513
21	71778	71786	rs7278550	rs220230	43446546	43449134
21	71787	71806	rs12627136	rs420783	43449936	43454888
21	71807	71817	rs2839447	rs446831	43455180	43458205
21	71822	71824	rs78494579	rs12482228	43460247	43460345
21	71825	71826	rs150790	rs35756574	43460496	43460852
21	71830	71922	rs5024160	rs78049572	43461580	43489265
21	71923	71934	rs220271	rs422969	43490253	43493130
21	71936	71969	rs79354182	rs12106368	43493300	43502010
21	71970	71971	rs220299	rs8133951	43502762	43502866
21	71972	71976	rs7278485	rs58788126	43504228	43507189
21	71977	71978	rs220301	rs220302	43508801	43508822
21	71979	71998	rs220303	rs12481958	43509699	43517269
21	72000	72071	rs220310	rs2051401	43518323	43530856
21	72072	72078	rs220125	rs220131	43530897	43531848
21	72079	72096	rs220132	rs2187240	43532238	43534835
21	72098	72116	rs73223546	rs35048950	43536262	43540955
21	72119	72123	rs220151	rs220155	43542379	43545030
21	72126	72130	rs80117739	rs57956723	43545140	43545849
21	72132	72153	rs80040922	rs78070361	43547165	43551021
21	72154	72167	rs12627092	rs12626199	43551227	43554236
21	72168	72169	rs12626211	rs35523457	43554333	43554337
21	72170	72175	rs12626876	rs12481836	43554401	43554869
21	72176	72199	rs60950689	rs220177	43555026	43557329
21	72200	72476	rs55819032	rs8128565	43557430	43651957
21	72477	72493	rs881394	rs9979482	43652314	43662341
21	72494	72500	rs225449	rs3787979	43662626	43670657
21	72502	72504	rs3787980	rs4148120	43672637	43673477
21	72505	72512	rs225376	rs225378	43674122	43675694
21	72514	72547	rs183436	rs111213058	43677831	43687747
21	72549	72552	rs225398	rs691687	43688594	43689870
21	72555	72564	rs225399	rs2234718	43692841	43697195
21	72566	72603	rs4148123	rs3788006	43698251	43703098
21	72605	72610	rs8130349	rs80300478	43703787	43704244
21	72612	72614	rs10788646	rs9653812	43705330	43705725
21	72615	72616	rs3788007	rs450808	43706776	43706944
21	72619	72620	rs4920080	rs4920081	43708766	43708990
21	72621	72651	rs11700907	rs8130925	43709666	43725765
21	72652	72655	rs8128478	rs6586308	43726490	43727683
21	72656	72657	rs225436	rs8133510	43729034	43729979
21	72658	72770	rs225437	rs77635132	43730795	43780247
21	72771	72776	rs11700899	rs11701981	43780426	43781818
21	72777	72779	rs225353	rs225355	43783055	43784482
21	72780	72787	rs2839488	rs35448902	43786186	43787501
21	72789	72790	rs8129470	rs1788413	43788609	43788690
21	72791	72814	rs4920095	rs225310	43788987	43793723
21	72817	72819	rs748371	rs748373	43794386	43794493
21	72820	72822	rs876125	rs894287	43794827	43795256
21	72823	72853	rs2839493	rs2839504	43795697	43808004
21	72859	72877	rs3814899	rs225320	43809494	43815876
21	72878	72879	rs3814902	rs3829962	43816548	43816624
21	72881	73004	rs8129606	rs3788015	43817433	43865590
21	73006	73008	rs3827231	rs11910104	43866166	43866169
21	73009	73037	rs884339	rs1475890	43866505	43877017
21	73039	73080	rs2839526	rs2839533	43877964	43897026
21	73087	73089	rs532561393	rs562983482	43897332	43897334
21	73092	73108	rs11702755	rs7278201	43900692	43918541
21	73110	73112	rs8129819	rs58569031	43919977	43925466
21	73113	73138	rs928884	rs875060	43927520	43944231
21	73142	73144	rs3788020	rs10887974	43947353	43949715
21	73145	73358	rs228042	rs1788456	43950304	44028847
21	73359	73411	rs9980876	rs11908723	44029673	44052297
21	73413	73478	rs438983	rs228040	44053351	44072476
21	73480	73493	rs9981677	rs9981767	44075044	44079875
21	73494	73559	rs6586337	rs2839571	44080731	44104858
21	73561	73699	rs756576	rs2839579	44107085	44155445
21	73700	73727	rs9979235	rs7281237	44156769	44165879
21	73728	73745	rs2839582	rs2269159	44168553	44174592
21	73746	73784	rs2269160	rs67260236	44175596	44188504
21	73785	73804	rs4920149	rs2276240	44188956	44192240
21	73807	73837	rs7283696	rs115576229	44194195	44201866
21	73838	74327	rs2002004	rs62217613	44203367	44372378
21	74329	74331	rs200858420	rs199888934	44372824	44372829
21	74333	74334	rs372969	rs374349	44373164	44373545
21	74335	74718	rs444460	rs2851391	44373867	44487404
21	74720	74727	rs2849728	rs9980564	44487454	44492603
21	74728	74731	rs2849731	rs2850144	44492838	44496976
21	74733	74735	rs414269	rs1788486	44499057	44501106
21	74737	74739	rs140401489	rs73372399	44502259	44502816
21	74741	74742	rs234783	rs234784	44503243	44503434
21	74744	74747	rs4920038	rs9985136	44505187	44506116
21	74750	74863	rs9977396	rs68189421	44507418	44579990
21	74864	74866	rs74946950	rs75930012	44580684	44580780
21	74867	74883	rs77084473	rs3788061	44582411	44591122
21	74885	74898	rs112855370	rs914195	44592483	44596272
21	74900	74917	rs60122481	rs2839643	44597284	44602509
21	74919	74943	rs2839647	rs7275225	44606257	44621414
21	74946	74964	rs8133281	rs28972086	44626269	44632513
21	74966	74969	rs201912430	rs200943119	44689962	44691243
21	74971	74972	rs202187195	rs113743762	44691854	44695577
21	74974	74975	rs140537702	rs7280617	44698617	44700912
21	74976	75019	rs12482212	rs2051406	44701381	44720183
21	75020	75022	rs8134074	rs9983619	44720381	44720807
21	75024	75028	rs62218907	rs8130169	44721370	44721475
21	75031	75062	rs11700805	rs605781	44722237	44734007
21	75065	75069	rs638268	rs623256	44737883	44738978
21	75071	75098	rs9976626	rs507270	44739802	44750328
21	75099	75101	rs661052	rs647495	44750643	44751394
21	75103	75133	rs631462	rs626045	44752680	44763583
21	75134	75174	rs611608	rs503786	44764492	44773946
21	75178	75179	rs648047	rs560511	44775519	44775561
21	75180	75200	rs76208778	rs554253	44776311	44781444
21	75202	75203	rs559480	rs559652	44781984	44782051
21	75204	75266	rs57926590	rs653004	44782461	44802443
21	75267	75281	rs2838292	rs67784679	44803821	44811984
21	75284	75302	rs857557	rs2329373	44812931	44825274
21	75303	75304	rs144127821	rs145081487	44825290	44825299
21	75309	75384	rs2096852	rs7282498	44825683	44861167
21	75385	75386	rs162353	rs463665	44862077	44863777
21	75387	75783	rs78093032	rs13053089	44863885	45135385
21	75785	75819	rs9985172	rs9984818	45136843	45158689
21	75820	75821	rs149648969	rs146175819	45159096	45159123
21	75825	75860	rs74373568	rs3194230	45163867	45181189
21	75861	75863	rs762407	rs1299	45181446	45182064
21	75864	75865	rs9978643	rs2838361	45183885	45186251
21	75866	75881	rs78198901	rs28705050	45186843	45191524
21	75882	75884	rs9976143	rs73224949	45192020	45192052
21	75885	76381	rs62229220	rs3788089	45193316	45370715
21	76382	76386	rs2838447	rs9974326	45370888	45373020
21	76387	76395	rs2838448	rs112461126	45373304	45377650
21	76396	76397	rs2838449	rs61033068	45378041	45378552
21	76398	76863	rs111213095	rs4819386	45378976	45604577
21	76864	76865	rs35430306	rs7276120	45605272	45605448
21	76867	76960	rs111443462	rs73228987	45606570	45631511
21	76961	76970	rs35405602	rs62228219	45631770	45634160
21	76973	76975	rs8130872	rs7279792	45635062	45635719
21	76977	77067	rs8126734	rs73229000	45636432	45653292
21	77069	77084	rs7278257	rs8127483	45653764	45659183
21	77086	77116	rs2847224	rs62226872	45660835	45672223
21	77118	77120	rs138247506	rs2070562	45672692	45674095
21	77122	77200	rs56354854	rs2850167	45674950	45702354
21	77201	77206	rs28676806	rs112397921	45703058	45703411
21	77207	77211	rs61309471	rs751032	45703486	45705660
21	77212	77213	rs3746964	rs2073609	45705988	45707976
21	77216	77311	rs1003853	rs2250238	45708848	45732466
21	77312	77314	rs61138219	rs8127589	45733072	45734831
21	77315	77346	rs59952509	rs14313	45735363	45756015
21	77347	77454	rs66916924	rs2838557	45756069	45812703
21	77455	77540	rs371831935	rs13050999	45815582	45844601
21	77543	77544	rs113766171	rs150142212	45848587	45848590
21	77546	77564	rs4818919	rs9979491	45849864	45856615
21	77566	77654	rs8131919	rs9977639	45858141	45893286
21	77655	77656	rs4818720	rs2838567	45893879	45893907
21	77657	77699	rs12627610	rs17004658	45895759	45937158
21	77700	77721	rs60390607	rs12626344	45939057	45953169
21	77723	77725	rs9975101	rs55785236	45955372	45957001
21	77726	77739	rs233314	rs62220860	45957792	45962311
21	77741	77743	rs233321	rs233323	45962865	45964669
21	77744	77782	rs233231	rs11701526	45966733	45975524
21	77783	77784	rs233250	rs233251	45975681	45976279
21	77786	78077	rs233252	rs8126931	45978090	46042375
21	78081	78462	rs13051885	rs235289	46044625	46141787
21	78465	78467	rs148583576	rs75833652	46142276	46142745
21	78468	78469	rs235290	rs2838663	46142859	46143382
21	78470	78473	rs2838664	rs189288	46143751	46143989
21	78476	78557	rs186849	rs689769	46145578	46171433
21	78558	78560	rs647688	rs690621	46171571	46171844
21	78561	78584	rs650000	rs13050798	46172105	46175366
21	78586	78587	rs396999	rs35907272	46175935	46175937
21	78589	78590	rs4818971	rs4818972	46176796	46176838
21	78593	78735	rs9647228	rs7283211	46178515	46242933
21	78737	78765	rs8129626	rs189286	46244045	46250344
21	78767	78768	rs34753953	rs9637165	46253507	46254198
21	78769	78771	rs9647236	rs13051277	46254372	46255162
21	78772	78776	rs9808690	rs17004706	46255195	46255317
21	78777	78994	rs4818979	rs3788142	46255596	46316640
21	78996	79000	rs55678595	rs2838729	46317846	46319417
21	79001	79003	rs2838730	rs12627407	46319492	46319965
21	79004	79031	rs2230528	rs3746973	46320313	46328026
21	79032	79071	rs760462	rs7282310	46328099	46336166
21	79077	79078	rs56332357	rs56056043	46337226	46337271
21	79081	79133	rs34787599	rs4818987	46338197	46347362
21	79134	79148	rs4818988	rs12626759	46348764	46351134
21	79150	79152	rs56011036	rs7282571	46352040	46352671
21	79153	79154	rs7277732	rs7278847	46353062	46353125
21	79155	79392	rs7283236	rs914223	46353312	46420755
21	79393	79396	rs118042123	rs117667489	46421356	46422318
21	79398	79411	rs9808814	rs7275623	46424040	46427961
21	79415	79418	rs7277264	rs4819012	46429864	46430792
21	79419	79420	rs9976365	rs4819013	46433429	46433670
21	79421	79425	rs9978387	rs188269966	46434301	46438882
21	79426	79499	rs2329947	rs11700654	46439001	46483820
21	79501	79503	rs72613652	rs7281332	46484612	46485548
21	79506	79520	rs79585412	rs8131990	46487730	46493753
21	79522	79795	rs117817678	rs12627516	46494117	46642162
21	79796	79799	rs2253763	rs11701929	46642764	46644735
21	79800	79811	rs4819035	rs11701605	46645715	46649808
21	79812	79813	rs145514207	rs192950396	46649877	46649881
21	79814	79816	rs9306121	rs17004755	46651449	46651850
21	79817	80121	rs2838823	rs12627165	46651878	46736694
21	80122	80128	rs2838873	rs7277970	46739353	46741721
21	80132	80134	rs914233	rs79858539	46744941	46745384
21	80137	80173	rs747403	rs9637167	46747226	46759886
21	80174	80229	rs4819064	rs2838895	46762213	46777491
21	80232	80233	rs28635151	rs28378811	46778943	46779091
21	80234	80393	rs12627101	rs4819097	46780664	46819149
21	80394	80395	rs2877050	rs62216279	46819592	46819726
21	80398	80405	rs144800426	rs61674626	46820914	46822325
21	80408	80409	rs12626452	rs80327334	46822919	46824261
21	80410	80456	rs34975687	rs35387814	46825723	46839375
21	80462	80487	rs8130384	rs2838923	46842267	46846944
21	80488	80491	rs79677109	rs80106045	46847286	46847979
21	80493	80515	rs8126757	rs8129539	46848282	46852978
21	80516	80518	rs55684533	rs7283026	46853110	46853259
21	80522	80752	rs9981843	rs78425283	46854443	46915621
21	80755	80757	rs4819124	rs2330180	46915950	46916046
21	80758	80761	rs9983797	rs28434474	46916699	46917975
21	80762	80784	rs2282120	rs8126955	46918574	46922934
21	80787	80790	rs2838949	rs9980752	46924209	46924931
21	80792	80881	rs62214274	rs4818790	46925425	46959979
21	80883	80886	rs4311136	rs1023159	46961903	46966180
21	80887	80977	rs77632903	rs9647239	46966592	47012453
21	80979	81006	rs11089016	rs9637201	47014657	47027636
21	81007	81010	rs61398316	rs58567338	47029676	47031048
21	81012	81855	rs9974061	rs1053320	47032094	47423636
21	81860	81983	rs35312714	rs12626782	47426235	47468937
21	81988	82018	rs9981741	rs60272127	47470459	47475118
21	82019	82020	rs201955870	rs200405838	47475472	47475473
21	82023	82137	rs13046841	rs12481743	47475747	47490767
21	82138	82139	rs2839098	rs8134988	47490970	47491014
21	82142	82155	rs9983862	rs2839101	47493995	47498034
21	82159	82169	rs915805	rs2839107	47500543	47502391
21	82170	82207	rs73159674	rs869087	47503055	47515645
21	82208	82332	rs914244	rs10432965	47516351	47557222
21	82334	82385	rs1047179	rs61729391	47558473	47571845
21	82388	82390	rs8134417	rs1556339	47573696	47574799
21	82392	83360	rs1556340	rs58574583	47574960	48088617
21	83361	83378	rs4818849	rs200215289	48089157	48105088
21	83380	83386	rs200775875	rs149048580	48108278	48119634
