chr	start.index	end.index	start.rsID	end.rsID	start.bp	end.bp
22	3	38	rs4965031	rs2843266	16052080	16067719
22	43	46	rs1811029	rs10854494	16069771	16070078
22	47	49	rs2096601	rs374896667	16070517	16072192
22	50	51	rs3016033	rs9617549	16072581	16074105
22	54	55	rs80167289	rs368672393	16091784	16092069
22	60	84	rs3884781	rs2212081	16119303	16163115
22	85	88	rs2096609	rs2212088	16168542	16168874
22	92	97	rs5992009	rs5746306	16194707	16208885
22	98	99	rs6518384	rs6518385	16211244	16211246
22	102	159	rs9604684	rs2212148	16212732	16281148
22	166	177	rs199952431	rs12628102	16287339	16305499
22	183	185	rs201383850	rs200339474	16320336	16320344
22	187	216	rs715491	rs2154872	16341116	16388301
22	217	223	rs6010323	rs201542286	16393311	16400397
22	224	230	rs139004640	rs10154354	16402296	16409671
22	234	494	rs200050678	rs78778839	16414678	16696637
22	495	688	rs28971461	rs139069276	16847963	16866502
22	692	700	rs394245	rs131517	16867414	16867958
22	701	702	rs131518	rs131519	16868142	16868143
22	705	906	rs138559161	rs4010540	16868784	16898935
22	907	908	rs7285448	rs7285622	16899004	16899123
22	909	910	rs201278182	rs199535792	16899626	16899636
22	911	917	rs4010546	rs3876002	16899663	16901048
22	919	927	rs79149689	rs5994092	16901849	16903536
22	928	965	rs5748742	rs12162737	16903921	16916698
22	968	1104	rs2027653	rs113031487	16918335	16960799
22	1105	1106	rs62226953	rs62226954	16961980	16962044
22	1109	1110	rs201632706	rs199909160	16964028	16964030
22	1113	1115	rs572534874	rs568627498	16965224	16967698
22	1116	1117	rs131588	rs131591	16971901	16972435
22	1118	1119	rs576569960	rs537561555	16976051	16976054
22	1122	1123	rs5747398	rs12166349	17000636	17000828
22	1124	1129	rs201504852	rs12168859	17000863	17003412
22	1130	1131	rs2890298	rs9618165	17003679	17003695
22	1132	1318	rs146134165	rs9604905	17003990	17050777
22	1319	1367	rs5747915	rs112277366	17050796	17066768
22	1369	1386	rs5747969	rs12484578	17067856	17076273
22	1388	1417	rs71326263	rs11703064	17076878	17092185
22	1420	1604	rs11089268	rs2845372	17093416	17178332
22	1605	1615	rs2529886	rs2215076	17178479	17195867
22	1616	1701	rs17432784	rs13055097	17196300	17240396
22	1703	1729	rs112698740	rs5748623	17241866	17265124
22	1730	1731	rs11704378	rs7286066	17268152	17270265
22	1732	1738	rs738048	rs5992548	17271155	17271842
22	1740	1741	rs7290590	rs5748639	17276108	17276523
22	1742	1965	rs62227211	rs62230384	17276851	17346884
22	1966	2007	rs175156	rs9606501	17346915	17362912
22	2008	2016	rs4378898	rs4819903	17363365	17363927
22	2017	2030	rs2041697	rs5994059	17364234	17366990
22	2032	2043	rs6518626	rs5748709	17368493	17370919
22	2045	2046	rs5748710	rs117743589	17372059	17372255
22	2048	2049	rs9605169	rs5748711	17372357	17372364
22	2050	2051	rs5748712	rs5748713	17372409	17372602
22	2054	2127	rs5992572	rs2241030	17373997	17395974
22	2130	2177	rs7292504	rs9605179	17396465	17412216
22	2178	2179	rs5748745	rs9605180	17412682	17412690
22	2182	2352	rs5748747	rs56258497	17413595	17489281
22	2355	2357	rs11913227	rs73147683	17489890	17490133
22	2359	2369	rs10439907	rs5746962	17491584	17493520
22	2370	2378	rs4141523	rs7286144	17493708	17495757
22	2379	2605	rs3957528	rs917867	17496339	17570785
22	2606	2617	rs5748863	rs13053889	17571355	17580394
22	2620	2677	rs2241044	rs738033	17581838	17599844
22	2678	2784	rs9605220	rs5994183	17600148	17636385
22	2786	2810	rs5748916	rs5748925	17637878	17648486
22	2811	2935	rs9605229	rs8137912	17648968	17668851
22	2939	2951	rs2231495	rs4819975	17669306	17674295
22	2954	2971	rs5992637	rs76388664	17675900	17678551
22	2973	2974	rs147787998	rs1076103	17678935	17679312
22	2975	3019	rs78315277	rs5748947	17679377	17692507
22	3020	3027	rs117287410	rs12168065	17692936	17696224
22	3030	3093	rs5747025	rs2019180	17697428	17712142
22	3096	3103	rs3747021;rs536506869	rs5748974	17713378	17717841
22	3106	3122	rs73153427	rs727188	17718699	17722982
22	3124	3127	rs5748981	rs16982239	17724049	17724167
22	3129	3130	rs4819980	rs4819566	17725150	17725209
22	3131	3132	rs4819981	rs4819567	17725304	17725406
22	3134	3186	rs62236466	rs4819984	17725899	17736939
22	3188	3189	rs8142798	rs5992645	17737500	17737992
22	3194	3208	rs5994228	rs5994231	17739225	17744553
22	3209	3242	rs16982255	rs5747051	17746101	17763868
22	3244	3246	rs5749010	rs5747052	17765505	17766437
22	3251	3260	rs4819570	rs140055475	17771737	17777230
22	3261	3265	rs117199891	rs113146658	17780188	17782966
22	3266	3325	rs73387688	rs9617982	17783324	17792740
22	3327	3330	rs5749032	rs76309666	17793969	17796520
22	3332	3412	rs115425020	rs76043746	17797447	17817963
22	3415	3428	rs35679816	rs5747068	17822328	17829304
22	3433	3468	rs12159743	rs34741746	17830856	17841408
22	3470	3501	rs2401082	rs5747084	17842386	17860253
22	3503	3504	rs16982341	rs8140339	17860685	17861077
22	3509	3510	rs8140146	rs8135216	17861989	17861994
22	3512	3514	rs8136325	rs2401114	17862121	17862123
22	3518	3564	rs78803288	rs5747113	17864446	17892900
22	3565	3566	rs9604741	rs2905577	17893080	17893213
22	3569	3595	rs9618008	rs5992047	17893636	17899518
22	3596	3638	rs5992689	rs2518747	17899841	17909077
22	3641	3754	rs1981533	rs5747180	17910586	17942014
22	3757	3821	rs2518752	rs5747195	17942912	17956368
22	3822	3825	rs4819593	rs4819455	17956759	17957614
22	3826	3913	rs5747200	rs1296753	17958441	17985410
22	3916	3923	rs9604751	rs1296757	17986344	17989378
22	3928	4053	rs174290	rs5747230	17991442	18032259
22	4056	4074	rs174346	rs174358	18036253	18043090
22	4075	4108	rs174360	rs438858	18044257	18053139
22	4109	4112	rs423158	rs34618306	18053496	18055020
22	4113	4144	rs5747236	rs174371	18055062	18061337
22	4146	4168	rs78134013	rs5992751	18065844	18080154
22	4174	4351	rs2111348	rs5747302	18082079	18118204
22	4355	4658	rs9604779	rs181402	18119145	18229774
22	4659	4665	rs1296683	rs1296687	18230757	18231046
22	4666	4671	rs405098	rs1296688	18231866	18233408
22	4673	4689	rs372655	rs181414	18234535	18240212
22	4695	4728	rs383018	rs8190274	18241870	18256129
22	4729	4731	rs443912	rs5747356	18257138	18257776
22	4732	4733	rs366542	rs5992102	18258382	18259810
22	4736	4737	rs9605406	rs372204	18262301	18262517
22	4738	4740	rs401416	rs430438	18262946	18263400
22	4741	4743	rs5992838	rs2401423	18264831	18265828
22	4745	4746	rs5992840	rs5992841	18268442	18268450
22	4747	4757	rs443627	rs429357	18268794	18277314
22	4761	4767	rs413732	rs5992106	18281629	18283916
22	4768	4862	rs375603	rs61744286	18284420	18310439
22	4863	4917	rs7287465	rs2587112	18311845	18326823
22	4919	4927	rs2587113	rs2587117	18328503	18333208
22	4930	5014	rs1003361	rs12483803	18337880	18381041
22	5015	5025	rs5992895	rs2075446	18381686	18389082
22	5026	5334	rs11913706	rs10854521	18389548	18482600
22	5335	5352	rs9605487	rs150560239	18483230	18487760
22	5354	5365	rs397709	rs370223958	18489048	18493049
22	5366	5367	rs112339121	rs452911	18493083	18493402
22	5370	5375	rs60547167	rs452579	18494776	18495470
22	5376	5466	rs366892	rs390005	18495947	18516997
22	5467	5472	rs9605502	rs4819661	18517918	18518829
22	5473	5491	rs465508	rs365637	18519998	18522611
22	5493	5495	rs391284	rs111457686	18523416	18523594
22	5496	5515	rs149005850	rs466755	18523598	18530984
22	5517	5555	rs9605511	rs460485	18531257	18540577
22	5557	5565	rs11703193	rs417274	18542023	18544762
22	5566	5597	rs12171267	rs9618197	18545387	18555681
22	5600	5602	rs8139802	rs62239019	18558511	18560825
22	5603	5680	rs464541	rs8141104	18562888	18591993
22	5681	5682	rs362027	rs361893	18594928	18594931
22	5683	5690	rs9617661	rs361540	18595352	18601415
22	5691	5719	rs362207	rs361557	18603088	18611223
22	5721	5724	rs2540620	rs5993004	18614874	18617205
22	5725	5823	rs12168977	rs12329996	18618741	18652291
22	5824	5825	rs2075296	rs2075299	18652993	18653419
22	5833	5836	rs12166390	rs530810483	18656193	18667604
22	5844	5845	rs528898178	rs190196306	18687486	18687488
22	5851	5853	rs184438347	rs191234665	18716296	18716475
22	5856	5864	rs377444910	rs62654765	18719008	18720402
22	5871	5877	rs568557702	rs375954497	18721373	18721457
22	5879	5889	rs3984558	rs5992240	18725877	18727637
22	5890	5892	rs9618306	rs201367481	18727810	18728120
22	5894	5897	rs12484593	rs371568123	18728315	18728794
22	5899	5902	rs371159250	rs530834207	18729719	18729869
22	5907	5912	rs28460557	rs5022741	18736995	18737130
22	5914	5917	rs5022740	rs5746582	18737349	18738316
22	5918	5919	rs375629801	rs548197508	18738469	18738524
22	5920	5929	rs375716457	rs62232528	18748065	18750851
22	5933	5934	rs61377324	rs141767387	18769319	18769324
22	5936	5939	rs391221	rs2416648	18769394	18770616
22	5948	5949	rs77348455	rs3984232	18801253	18801269
22	5952	5959	rs76878028	rs4819497	18802113	18807103
22	5963	5965	rs548250454	rs75920524	18814359	18823680
22	5968	5972	rs557820762	rs9605786	18828058	18828896
22	5973	5974	rs578014181	rs537166148	18829880	18829881
22	5975	5977	rs200815477	rs201639023	18832515	18832978
22	5979	5983	rs370583453	rs62231277	18833578	18835365
22	5986	5987	rs201915105	rs3869869	18836515	18838045
22	5988	5995	rs362067	rs9605823	18839072	18841637
22	6000	6008	rs2083330	rs5747870	18843686	18845051
22	6010	6013	rs553696933	rs577634485	18846536	18846549
22	6017	6018	rs630485	rs552290563	18858201	18859496
22	6024	6025	rs539730	rs2870968	18866794	18870156
22	6026	6027	rs5746626	rs560899	18870511	18870517
22	6029	6041	rs3970591	rs3970582	18872508	18874728
22	6043	6045	rs36059513	rs34497341	18875299	18875304
22	6047	6052	rs5747904	rs5746627	18875491	18875519
22	6053	6084	rs423263	rs4819753	18876318	18885242
22	6085	6089	rs199698703	rs75283034	18886264	18886505
22	6090	6137	rs5746635	rs419208	18886644	18897292
22	6138	6168	rs421046	rs432841	18898064	18905624
22	6171	6172	rs16983466	rs2002418	18905978	18906360
22	6174	6224	rs2078641	rs67625420	18906655	18918760
22	6226	6247	rs5747937	rs8142510	18919755	18924783
22	6249	6384	rs117099641	rs11914070	18925051	18965628
22	6385	6387	rs11912325	rs56132319	18966001	18966137
22	6388	6453	rs78737868	rs1210641	18966512	18984848
22	6455	6886	rs5992351	rs17743906	18988552	19128757
22	6889	6916	rs737923	rs4819779	19132325	19138442
22	6918	6940	rs12484548	rs535294149	19140990	19144799
22	6942	6944	rs12484383	rs5992375	19144977	19145075
22	6949	6950	rs807675	rs7288287	19145690	19145777
22	6953	6990	rs9605949	rs807677	19146555	19152942
22	6992	7550	rs807669	rs112869245	19154522	19517832
22	7552	7562	rs5993666	rs4819803	19518405	19523170
22	7563	7577	rs73385370	rs5748270	19523634	19529130
22	7578	7585	rs28521034	rs13056307	19529625	19534079
22	7586	7771	rs7293193	rs9618618	19534336	19585224
22	7772	7794	rs5746795	rs5746798	19585836	19590438
22	7796	7809	rs5748344	rs9617812	19591032	19594775
22	7814	7838	rs11089289	rs8135254	19596835	19606703
22	7840	7878	rs13054962	rs58124238	19608657	19628048
22	7880	7882	rs7292279	rs5748362	19629837	19632608
22	7883	7886	rs28560290	rs5748363	19633151	19633486
22	7888	7914	rs725069	rs2106141	19633785	19639693
22	7918	7919	rs5746807	rs73165613	19640218	19640234
22	7920	7923	rs5746808	rs5748378	19640282	19640462
22	7925	7944	rs4819827	rs7291584	19640708	19643844
22	7945	7948	rs9606111	rs9606113	19644303	19644662
22	7949	7996	rs9606114	rs1541327	19644924	19654562
22	7999	8097	rs5748391	rs5993810	19659099	19685895
22	8102	8104	rs5992471	rs1473107	19686970	19687179
22	8105	8136	rs5993811	rs77430101	19687293	19715909
22	8141	8142	rs5748410	rs112197065	19718144	19718152
22	8143	8144	rs4819837	rs2871041	19718379	19718733
22	8145	8169	rs5746822	rs11089305	19720478	19729361
22	8170	8171	rs5748415	rs885988	19729424	19730592
22	8172	8179	rs7293017	rs4819519	19733811	19736003
22	8180	8181	rs5993819	rs11913903	19736162	19736165
22	8182	8197	rs16984141	rs737868	19737424	19747082
22	8199	8237	rs41298814	rs4819522	19750773	19766782
22	8239	8241	rs713675	rs5992481	19767420	19767499
22	8242	8305	rs5746828	rs5746837	19768045	19805263
22	8306	8307	rs2073766	rs2073767	19807780	19807953
22	8310	8474	rs737861	rs35934224	19810285	19872645
22	8478	8483	rs9606171	rs9606173	19874209	19877511
22	8485	8491	rs1548357	rs3788310	19878362	19880340
22	8494	8512	rs5992493	rs3788314	19881556	19889423
22	8516	8570	rs9605027	rs35393877	19891395	19907828
22	8571	8581	rs11089318	rs11089320	19907920	19908356
22	8582	8593	rs12484807	rs9306229	19908543	19912015
22	8596	8597	rs79684681	rs9606181	19912676	19912677
22	8598	8599	rs5993871	rs5993872	19913093	19913098
22	8600	8701	rs5993873	rs165879	19913488	19941004
22	8702	8712	rs3819619	rs165767	19941495	19944560
22	8713	8717	rs188875826	rs56104268	19944722	19946897
22	8718	8870	rs138433986	rs2531699	19947346	20003786
22	8872	8931	rs141779732	rs2531711	20004430	20023303
22	8932	8934	rs73150856	rs11703292	20025652	20025951
22	8935	9219	rs7288316	rs11913445	20026525	20142513
22	9221	9347	rs117085592	rs373487	20143399	20169913
22	9349	9406	rs658073	rs76414747	20170996	20180071
22	9408	9457	rs5993929	rs12485013	20180117	20192544
22	9458	9464	rs638150	rs627235	20192586	20195591
22	9465	9506	rs17818762	rs5993934	20195730	20204924
22	9507	9534	rs77703137	rs67698406	20205066	20215191
22	9535	9536	rs854965	rs701433	20215570	20215940
22	9537	9539	rs8137809	rs5748561	20215981	20216804
22	9541	9543	rs60594683	rs62219686	20217203	20217680
22	9544	9571	rs9606290	rs13433575	20218237	20227384
22	9574	9595	rs701429	rs8136268	20228465	20244815
22	9598	9666	rs855050	rs855062	20248391	20276095
22	9672	9675	rs9618775	rs12169202	20279128	20279718
22	9676	9710	rs57059797	rs35488903	20281261	20315929
22	9711	9713	rs28595448	rs369739096	20318162	20320230
22	9717	9730	rs5742536	rs572559485	20321579	20328842
22	9733	9734	rs370283224	rs62218051	20333876	20334970
22	9740	9743	rs3962691	rs535742602	20360856	20362882
22	9747	9748	rs144356941	rs140139359	20375744	20375748
22	9749	9789	rs2542838	rs369085249	20376408	20403013
22	9793	9795	rs188841926	rs4051030	20448825	20449384
22	9796	9798	rs374395444	rs375703269	20456765	20462549
22	9799	9800	rs142672399	rs77517009	20463316	20463375
22	9803	9847	rs2629308	rs370938883	20465130	20493176
22	9850	9851	rs568355827	rs533705339	20502476	20502477
22	9852	9853	rs1659630	rs111955416	20502771	20502806
22	9855	9860	rs376970331	rs2930752	20505468	20508531
22	9865	9866	rs567168109	rs374497719	20625429	20626207
22	9870	9872	rs2570606	rs572567411	20629050	20629225
22	9873	9924	rs9611301	rs71313956	20629387	20660080
22	9926	9927	rs562851011	rs201788402	20660517	20660532
22	9931	9994	rs62221376	rs112628579	20704319	20716839
22	9996	9997	rs1807536	rs28540966	20718692	20718726
22	10001	10008	rs148842077	rs6003874	20721783	20731790
22	10010	10011	rs79609167	rs6003971	20733171	20733495
22	10012	10335	rs362243	rs5755677	20733667	20847472
22	10336	10572	rs2079099	rs165708	20850440	20947996
22	10573	10575	rs165723	rs4820534	20948458	20948553
22	10576	10580	rs59219870	rs58792806	20949243	20949549
22	10585	10586	rs362089	rs554733	20950473	20950564
22	10589	10590	rs7511235	rs7511236	20952132	20952137
22	10594	10595	rs55849688	rs80296680	20952972	20953850
22	10596	10602	rs34443648	rs177429	20954214	20956250
22	10603	10604	rs165703	rs5759527	20956441	20956600
22	10608	10621	rs9612417	rs1557798	20958044	20963373
22	10622	10623	rs602808	rs544887	20963475	20964056
22	10624	10634	rs680548	rs6003459	20965555	20966727
22	10637	10641	rs473304	rs510431	20967450	20969186
22	10643	10697	rs562536	rs78263078	20970288	20984391
22	10698	10700	rs5759640	rs16988632	20984878	20985012
22	10701	10718	rs741192	rs2080195	20986010	20991771
22	10719	10721	rs759224	rs759225	20993328	20993477
22	10723	10724	rs741195	rs2016016	20993766	20993797
22	10725	10737	rs9624394	rs7290923	20994344	20999208
22	10739	10741	rs5996524	rs624100	21001028	21001422
22	10743	10831	rs2058554	rs369064393	21002437	21023947
22	10833	11452	rs9608278	rs178253	21025442	21313640
22	11454	11456	rs5997091	rs9620675	21315561	21315565
22	11459	11472	rs61588756	rs17555258	21316557	21320947
22	11473	11476	rs12170987	rs77443098	21321364	21321954
22	11480	11493	rs178256	rs178268	21322888	21330266
22	11494	11495	rs34766252	rs7285694	21330608	21330787
22	11497	11519	rs178272	rs178287	21331629	21340088
22	11521	11524	rs178289	rs67648101	21342169	21343391
22	11526	11528	rs7410444	rs7410545	21344002	21344019
22	11529	11653	rs55660821	rs2541943	21344592	21376092
22	11655	11758	rs9613540	rs442656	21377071	21416442
22	11762	11767	rs11703488	rs2106262	21417314	21420100
22	11768	11808	rs1210575	rs1210583	21421069	21435788
22	11809	11810	rs61523883	rs1210584	21437412	21437458
22	11811	11876	rs1210585	rs406160	21437561	21453923
22	11879	11881	rs2541925	rs4822941	21458082	21458666
22	11882	11884	rs2519458	rs2543397	21458772	21458925
22	11885	11900	rs59059249	rs2541930	21459251	21465835
22	11902	11903	rs75217185	rs73166608	21469230	21469233
22	11904	11940	rs546094490	rs117377777	21469724	21513778
22	11947	11948	rs573343206	rs9754324	21537344	21537706
22	11951	11952	rs200302008	rs201332564	21538790	21538794
22	11953	11960	rs534230989	rs76638637	21541076	21548497
22	11961	11962	rs547801291	rs556144556	21548656	21548896
22	11963	11967	rs2329677	rs200755053	21549008	21554646
22	11968	11970	rs62240951	rs573613574	21555363	21555389
22	11972	11991	rs150106339	rs548499938	21557075	21568228
22	11999	12002	rs377687982	rs370289936	21579717	21580176
22	12004	12017	rs544238153	rs79457759	21582026	21610500
22	12021	12022	rs62231263	rs62231264	21624868	21624884
22	12032	12033	rs530320082	rs9608978	21642032	21642202
22	12043	12046	rs570705682	rs537852612	21648747	21648843
22	12053	12054	rs527655711	rs547783075	21671369	21671372
22	12056	12068	rs62236700	rs375428700	21679500	21682072
22	12070	12076	rs117291120	rs9606786	21682175	21683073
22	12079	12080	rs577645963	rs148320724	21690249	21690251
22	12081	12083	rs9606805	rs200662295	21691820	21696421
22	12084	12085	rs543267146	rs556863357	21696939	21699915
22	12087	12095	rs200285191	rs62236757	21700177	21710267
22	12096	12112	rs117655003	rs78042439	21711440	21718098
22	12114	12115	rs62237266	rs62237267	21718261	21718264
22	12117	12134	rs200720171	rs5753211	21719813	21727401
22	12136	12154	rs367703606	rs553840390	21728126	21733217
22	12155	12156	rs367832722	rs78724466	21734936	21735010
22	12159	12160	rs150706084	rs62237294	21753794	21757190
22	12161	12162	rs150357949	rs137976700	21775665	21792691
22	12163	12174	rs458361	rs143876147	21798351	21813608
22	12175	12176	rs464161	rs200037568	21815928	21816129
22	12177	12179	rs76904254	rs538291566	21818481	21818887
22	12183	12184	rs192833477	rs430214	21822362	21822725
22	12185	12221	rs1210241	rs149272448	21825081	21846284
22	12222	12223	rs550730993	rs201471747	21863717	21866569
22	12224	12225	rs543825475	rs554568732	21893405	21893406
22	12227	12867	rs5754075	rs17759843	21911220	22274745
22	12869	13007	rs41283227	rs17821866	22275524	22342464
22	13009	13022	rs238775	rs7364303	22349088	22357325
22	13025	13086	rs9610850	rs366116	22359264	22394227
22	13090	13103	rs2213141	rs17820486	22395754	22400661
22	13104	13108	rs4145408	rs2213143	22400882	22401216
22	13110	13245	rs6000713	rs2329929	22401979	22437341
22	13250	13286	rs13058341	rs5756876	22438959	22462460
22	13289	13826	rs7288178	rs2282664	22463544	22550962
22	13828	13829	rs73153739	rs73153741	22551129	22551153
22	13830	13832	rs6001297	rs5757346	22551782	22551935
22	13834	13884	rs9623054	rs1008560	22552114	22557954
22	13886	13888	rs2156876	rs2156878	22558078	22558114
22	13893	13894	rs5995644	rs140288180	22558612	22558652
22	13895	13927	rs5757407	rs738873	22558744	22563154
22	13928	13990	rs17490032	rs549976654	22564524	22575511
22	13992	14007	rs17490969	rs5757508	22577067	22579341
22	14008	14009	rs6001472	rs6001474	22579734	22579801
22	14011	14017	rs569386847	rs12160927	22580024	22580626
22	14018	14019	rs11089966	rs12627811	22581101	22581127
22	14020	14021	rs6001482	rs6001485	22581369	22581628
22	14023	14041	rs5750771	rs8141629	22582109	22584881
22	14045	14048	rs5750779	rs5757571	22585324	22585770
22	14049	14050	rs114504950	rs12628613	22585773	22585851
22	14051	14152	rs5757574	rs5757629	22585996	22597601
22	14154	14156	rs10212017	rs10212005	22597803	22597829
22	14159	14160	rs5757639	rs5757640	22598724	22598743
22	14162	14163	rs5757641	rs5757643	22598882	22599057
22	14165	14197	rs1320	rs76043508	22599537	22606039
22	14198	14513	rs9623160	rs2073458	22606286	22698552
22	14515	14517	rs5757926	rs5757927	22699071	22699092
22	14518	14661	rs5750936	rs7292000	22700654	22724394
22	14662	14667	rs7290963	rs4821965	22724951	22725582
22	14668	14731	rs8137544	rs6519263	22725934	22738317
22	14733	14743	rs2330092	rs446966	22739612	22740190
22	14744	14818	rs13057849	rs62225017	22740308	22751406
22	14820	14828	rs395322	rs956803	22753029	22754245
22	14829	14831	rs4145412	rs4145413	22754476	22754544
22	14834	14835	rs28557	rs5751012	22757189	22757275
22	14837	14911	rs402244	rs16988279	22757769	22779652
22	14913	14914	rs165917	rs4822015	22780581	22780596
22	14918	15029	rs9611716	rs874990	22782702	22830365
22	15032	15096	rs405570	rs362184	22832291	22862062
22	15097	15126	rs361907	rs361959	22862813	22869742
22	15127	15128	rs361856	rs362230	22870063	22870147
22	15129	15160	rs361925	rs362241	22870542	22874793
22	15161	15165	rs9607985	rs361755	22874807	22875052
22	15166	15173	rs361660	rs361940	22875537	22876255
22	15174	15189	rs9620107	rs13056787	22876430	22878406
22	15190	15230	rs2016187	rs9612000	22878812	22887191
22	15232	15291	rs11705539	rs2266990	22888243	22902628
22	15292	15468	rs35317486	rs1007614	22902728	22935155
22	15469	15474	rs4822190	rs9612089	22935229	22939375
22	15475	15478	rs4820481	rs5758942	22939466	22939903
22	15479	15517	rs5758946	rs2106389	22940611	22958517
22	15519	15583	rs5759068	rs560264670	22958868	22977116
22	15584	15586	rs150931780	rs96536	22977427	22977433
22	15587	15589	rs77157590	rs201670132	22977502	22977554
22	15592	15597	rs28688641	rs149646609	22977697	22977734
22	15600	15639	rs6003089	rs71316770	22978092	22985443
22	15643	15644	rs116046598	rs62228122	22986734	22986764
22	15645	15646	rs368359862	rs9612129	22986989	22986995
22	15648	15657	rs12484617	rs12160455	22987317	22987885
22	15663	15703	rs539929693	rs455194	22988749	22997398
22	15704	15781	rs11090171	rs11913265	22997439	23021357
22	15783	15787	rs5751505	rs11703025	23022136	23022520
22	15789	15870	rs7290744	rs11090172	23023222	23045749
22	15871	15872	rs8137414	rs8140900	23046101	23046118
22	15876	15878	rs6003231	rs5759380	23046614	23046741
22	15879	16309	rs5759381	rs74500698	23046915	23120440
22	16312	16316	rs181544582	rs16992646	23123216	23128892
22	16317	16325	rs4822314	rs738877	23128943	23131095
22	16327	16380	rs4822317	rs11090186	23132774	23152650
22	16385	16451	rs7289658	rs5751553	23154886	23183802
22	16452	16467	rs5759489	rs436159	23184551	23195201
22	16471	16524	rs389408	rs34543557	23197169	23218266
22	16525	16527	rs9623959	rs5751558	23218946	23220565
22	16530	16531	rs373535	rs386781	23221687	23221772
22	16532	16544	rs383391	rs5759501	23222208	23224764
22	16545	16567	rs2282669	rs418231	23224800	23227573
22	16569	16571	rs376101	rs428457	23229029	23229918
22	16574	16576	rs3171723	rs28611253	23231528	23236211
22	16579	16635	rs405471	rs2856876	23239280	23249440
22	16636	16640	rs5759523	rs6003387	23250103	23251602
22	16642	16679	rs464805	rs737885	23251857	23263708
22	16680	16731	rs398264	rs455929	23264606	23283083
22	16732	16733	rs469412	rs4822352	23283219	23283310
22	16735	16741	rs9612169	rs8137688	23284597	23285694
22	16745	16933	rs6003396	rs9624006	23288012	23370625
22	16934	16942	rs6003473	rs6003477	23371136	23373627
22	16943	17304	rs8139695	rs9608090	23373902	23582566
22	17307	17407	rs1004040	rs131677	23585132	23632665
22	17412	17664	rs2267022	rs6003638	23633473	23690388
22	17665	17666	rs6003639	rs6003640	23690725	23691471
22	17668	17691	rs3949149	rs6003654	23697301	23702316
22	17692	17711	rs6003656	rs5996529	23704189	23712647
22	17713	17730	rs9620258	rs738779	23713809	23716212
22	17732	17733	rs5759746	rs5759747	23717310	23717315
22	17735	17737	rs8142127	rs6003667	23717465	23717556
22	17738	17799	rs5759748	rs17542290	23717987	23734015
22	17800	17939	rs2000465	rs4822408	23734250	23764272
22	17943	17948	rs6003705	rs59721863	23765953	23769986
22	17949	18088	rs55642904	rs6519443	23770275	23813308
22	18094	18166	rs201076418	rs5996561	23814943	23830765
22	18168	18172	rs13055022	rs7290623	23831823	23831986
22	18173	18244	rs59070397	rs5759855	23832509	23849044
22	18247	18337	rs9612366	rs2330520	23850130	23870090
22	18338	18345	rs2211894	rs131386	23870528	23871105
22	18346	18355	rs131387	rs5759881	23871201	23872768
22	18356	18358	rs5759882	rs4820556	23872787	23872936
22	18359	18371	rs5759884	rs4084077	23873076	23874838
22	18373	18375	rs5759890	rs187999525	23875184	23875422
22	18377	18427	rs131392	rs73878938	23877257	23886925
22	18430	18498	rs2096517	rs1064417	23889626	23915340
22	18501	18502	rs5759905	rs56140603	23915889	23916108
22	18504	18516	rs58651699	rs55662540	23916271	23919363
22	18519	18528	rs131421	rs131426	23921202	23923882
22	18534	18555	rs131429	rs179311	23925779	23932978
22	18558	18576	rs6003807	rs117411538	23934030	23936902
22	18578	18635	rs56195344	rs2186362	23937164	23947494
22	18637	18639	rs17627842	rs10427863	23948561	23949744
22	18641	18653	rs2298372	rs56320140	23950646	23961187
22	18654	18655	rs75939421	rs12484556	23962328	23962404
22	18656	19073	rs61479247	rs9612418	23963154	24097015
22	19079	19447	rs4820567	rs5760069	24098705	24189277
22	19448	19449	rs6519479	rs6003920	24189435	24189443
22	19450	19457	rs9612489	rs738803	24190686	24192879
22	19460	19515	rs4820569	rs6003934	24193993	24208382
22	19518	20079	rs73160444	rs143188161	24210218	24403541
22	20081	20082	rs17004811	rs738809	24404830	24405492
22	20083	20084	rs422674	rs9624386	24406778	24407334
22	20085	20264	rs11090305	rs5760255	24407483	24602476
22	20266	20329	rs73167551	rs55870750	24604553	24618856
22	20331	20334	rs7286769	rs113934229	24619207	24619977
22	20335	20368	rs12627971	rs12165595	24621491	24632431
22	20369	20371	rs2877206	rs8140559	24632680	24633621
22	20372	20417	rs8140966	rs530432764	24633894	24654619
22	20419	20421	rs568181305	rs529466397	24654670	24655134
22	20424	20425	rs538419122	rs397843149	24656818	24656822
22	20426	20635	rs71318972	rs151290801	24656851	24907616
22	20636	20640	rs140330	rs11704820	24908352	24912248
22	20642	20713	rs73152503	rs9612662	24914575	24982522
22	20714	20727	rs9306395	rs6519520	24986145	24991895
22	20728	20767	rs5751901	rs4822516	24992266	25004608
22	20770	20801	rs375424444	rs55750241	25006535	25022290
22	20802	20803	rs9624512	rs28663139	25022911	25022914
22	20805	20853	rs141750373	rs131471	25027104	25065227
22	20855	20858	rs3888490	rs8140564	25065777	25065821
22	20860	20991	rs7286031	rs6004241	25066565	25092017
22	20992	21010	rs2011521	rs9612740	25092773	25099115
22	21011	21012	rs78093638	rs4822535	25099392	25099898
22	21014	21017	rs73152560	rs35952579	25100636	25101570
22	21018	21081	rs9624565	rs738823	25101796	25125000
22	21082	21108	rs142198711	rs67441610	25126236	25136980
22	21109	21115	rs1074641	rs11703684	25142030	25144912
22	21116	21327	rs5760620	rs187816528	25145094	25187134
22	21328	21344	rs5751997	rs139613	25187544	25195129
22	21345	21373	rs9624615	rs55849854	25195540	25208458
22	21375	21526	rs3818061	rs9612787	25209377	25236878
22	21528	21534	rs2330933	rs5760695	25237019	25237108
22	21536	21618	rs5996775	rs9608347	25238292	25278941
22	21621	21622	rs4541332	rs4603887	25283602	25283778
22	21623	21640	rs73157912	rs5752013	25283909	25286016
22	21642	21644	rs139726	rs139728	25286526	25286536
22	21646	21662	rs9612804	rs5760713	25287528	25291095
22	21664	21676	rs139730	rs139739	25292719	25297965
22	21677	21704	rs73157927	rs139759	25298485	25305805
22	21706	21719	rs139762	rs73157935	25307571	25314152
22	21720	21771	rs1997886	rs5760750	25314193	25338498
22	21773	21823	rs5752024	rs5760771	25341203	25373391
22	21825	21857	rs2092181	rs191057255	25374362	25391336
22	21858	21905	rs760739	rs74279146	25392304	25413076
22	21914	21975	rs9306403	rs5760825	25426113	25462634
22	21976	21977	rs5760827	rs6004417	25464161	25464310
22	21978	21984	rs8136437	rs5996830	25464549	25465256
22	21985	21987	rs6004421	rs7291562	25465828	25465977
22	21988	21989	rs6519550	rs6004422	25466323	25466395
22	21990	22024	rs6004423	rs73397880	25466553	25476064
22	22026	22320	rs55664219	rs739314	25476584	25598101
22	22322	22324	rs9608378	rs2283809	25601196	25602569
22	22325	22327	rs2252878	rs2283810	25602708	25602790
22	22330	22337	rs143364524	rs5752080	25603766	25603832
22	22338	22401	rs5760905	rs144054147	25603924	25614090
22	22403	22418	rs147726651	rs117091669	25614180	25617752
22	22420	22457	rs5752083	rs6004493	25618562	25627999
22	22465	22466	rs7293016	rs35033180	25628998	25629032
22	22468	22475	rs4822582	rs10483117	25629434	25632266
22	22478	22486	rs4822586	rs4822590	25634020	25636530
22	22492	22533	rs1807683	rs11090379	25639728	25644827
22	22534	22535	rs5760935	rs112807131	25645301	25645511
22	22538	22628	rs5760936	rs9624784	25647225	25662224
22	22629	22631	rs111412763	rs58491189	25662525	25662536
22	22634	22717	rs138555	rs5996884	25663476	25671982
22	22718	22803	rs1807562	rs5752118	25672211	25687514
22	22805	22855	rs2179245	rs5760987	25689246	25700531
22	22856	22858	rs4822612	rs133128	25700643	25700835
22	22859	22860	rs116316821	rs114729742	25701126	25701127
22	22861	22863	rs133130	rs133134	25701604	25702352
22	22864	22891	rs133135	rs12169897	25702665	25710522
22	22892	22950	rs7284700	rs133164	25710719	25719288
22	22951	23047	rs133165	rs2142845	25719312	25778054
22	23048	23150	rs55699925	rs133272	25778530	25810674
22	23151	23158	rs133273	rs34151137	25810924	25811826
22	23159	23199	rs35584454	rs71321039	25811880	25835762
22	23200	23203	rs688953	rs9612971	25835800	25838781
22	23204	23218	rs113212832	rs576585	25838932	25844021
22	23219	23262	rs523957	rs6004675	25845735	25889385
22	23265	23266	rs6004677	rs580573	25895735	25896747
22	23267	23416	rs682389	rs599794	25896791	25930479
22	23420	23425	rs616757	rs9612987	25931987	25933590
22	23427	23518	rs652099	rs111266367	25934878	26082968
22	23521	23522	rs12168059	rs5761155	26084019	26084020
22	23527	23532	rs2205972	rs17696356	26105329	26124437
22	23533	23601	rs12627968	rs2331157	26126015	26149567
22	23603	23606	rs9620553	rs13058625	26150584	26151331
22	23609	23653	rs9613013	rs13058434	26152738	26164413
22	23656	23775	rs133903	rs3859875	26166011	26210850
22	23776	23777	rs5752225	rs1018469	26211857	26213360
22	23778	23801	rs5996980	rs3848861	26215263	26224632
22	23802	23803	rs7284564	rs7286591	26225144	26225384
22	23804	23824	rs62224708	rs2748219	26225591	26231951
22	23826	23890	rs12167251	rs695353	26232271	26251467
22	23891	23902	rs695350	rs12168416	26251663	26255082
22	23903	23921	rs3091379	rs695821	26257677	26271505
22	23922	23957	rs695785	rs695670	26273222	26278468
22	23959	23960	rs7287246	rs2157538	26279964	26280462
22	23965	24057	rs76029065	rs969975	26282048	26325360
22	24058	24065	rs9613039	rs12627770	26326069	26326666
22	24066	24073	rs2227236	rs2187938	26326696	26328932
22	24076	24126	rs1013815	rs5761327	26330370	26350561
22	24128	24149	rs4820663	rs6004862	26354655	26378073
22	24151	24279	rs6004864	rs71321074	26379837	26419672
22	24283	24287	rs7284759	rs2236005	26421568	26422980
22	24288	24363	rs117354193	rs5752262	26424068	26456367
22	24367	24381	rs16981296	rs76686664	26457784	26467790
22	24383	24471	rs1569845	rs134734	26470198	26517370
22	24472	24474	rs134735	rs134737	26518455	26518674
22	24477	24478	rs134739	rs134740	26520939	26521071
22	24480	24517	rs9608462	rs2049988	26528017	26562140
22	24518	24521	rs12169714	rs134757	26562147	26566757
22	24522	24564	rs9608467	rs13058124	26568194	26612114
22	24566	24574	rs8139137	rs738653	26613062	26618428
22	24576	24624	rs9613132	rs17373858	26619070	26634463
22	24625	24755	rs1207401	rs113260122	26635548	26662454
22	24758	24809	rs654047	rs6004987	26664450	26679841
22	24814	24829	rs138251564;rs11702984	rs1207372	26681209	26687443
22	24830	24837	rs657852	rs638297	26687474	26688111
22	24840	24842	rs17304075	rs653361	26688838	26689201
22	24843	24845	rs688034	rs688480	26689635	26689741
22	24847	24938	rs137205	rs596633	26690539	26716432
22	24942	24995	rs688545	rs17305608	26718872	26729579
22	24998	25006	rs2331245	rs73158651	26730172	26731331
22	25007	25027	rs5761481	rs1207373	26731656	26735929
22	25032	25033	rs629429	rs629491	26737966	26738011
22	25034	25036	rs5761487	rs3788394	26738225	26738442
22	25037	25091	rs3788395	rs4820679	26738732	26762066
22	25094	25102	rs6005031	rs9625022	26765167	26765626
22	25103	25187	rs638025	rs4387911	26765996	26791431
22	25191	25193	rs8135154	rs5752319	26792576	26792643
22	25195	25262	rs9306425	rs34393421	26793190	26808038
22	25263	25443	rs75551664	rs5761573	26809055	26913264
22	25444	25502	rs5752338	rs4149482	26914151	26928446
22	25506	25669	rs113386752	rs9608508	26929771	26972177
22	25672	25807	rs58967993	rs148233611	26973773	27033967
22	25808	25843	rs35168103	rs2331289	27034338	27047254
22	25845	25846	rs34730265	rs7290586	27048046	27048408
22	25848	25849	rs16982543	rs16982545	27048858	27048920
22	25850	26084	rs1018833	rs5761702	27049011	27116420
22	26085	26088	rs35345163	rs58513485	27116568	27116689
22	26090	26091	rs76188313	rs79165573	27116708	27116710
22	26094	26095	rs4822782	rs5761703	27117672	27117690
22	26096	26134	rs2001121	rs76533996	27118181	27130973
22	26137	26189	rs60440347	rs5752406	27132767	27149768
22	26192	26207	rs138966521	rs67261683	27152491	27159903
22	26210	26250	rs11703244	rs9608518	27161589	27179946
22	26254	26255	rs9808852	rs5761751	27183491	27184169
22	26256	26304	rs4820709	rs73167426	27185955	27194757
22	26307	26309	rs4822801	rs9608521	27198719	27199237
22	26311	26312	rs4822802	rs9613266	27200854	27200942
22	26313	26341	rs882754	rs4140631	27201909	27209227
22	26342	26344	rs713974	rs12157601	27210691	27211083
22	26346	26347	rs73167430	rs2227187	27211502	27211572
22	26350	26372	rs9608522	rs10483127	27212674	27222286
22	26373	26408	rs713702	rs136500	27224108	27234422
22	26410	26439	rs136501	rs136522	27235331	27244109
22	26442	26445	rs136525	rs136528	27244876	27245262
22	26446	26512	rs136529	rs136561	27245312	27259889
22	26513	26514	rs10483130	rs12160346	27260639	27260683
22	26516	26594	rs2331308	rs9620643	27261517	27295234
22	26595	26597	rs12484787	rs12484881	27297698	27297757
22	26598	26699	rs76913360	rs4822821	27298530	27324536
22	26701	26705	rs9613301	rs5761840	27325600	27327202
22	26707	26755	rs5761842	rs876883	27327701	27338441
22	26757	26760	rs4822825	rs739257	27338951	27339284
22	26761	26762	rs739258	rs1109081	27339406	27339453
22	26764	26845	rs1011772	rs5761880	27339652	27364300
22	26850	26851	rs11090462	rs117626247	27366328	27366344
22	26852	26858	rs2331360	rs2877347	27366972	27368751
22	26859	26860	rs9608546	rs9608547	27369467	27369471
22	26861	26967	rs5761883	rs16983370	27369762	27394733
22	26974	26981	rs9608562	rs12628550	27395385	27397683
22	26982	27000	rs2516082	rs5761898	27398512	27405169
22	27001	27003	rs12710564	rs35079022	27405358	27405442
22	27004	27005	rs2516088	rs61374331	27405625	27405668
22	27007	27054	rs2516090	rs134921	27406436	27416643
22	27056	27091	rs7292569	rs117192482	27418259	27427080
22	27092	27140	rs134935	rs9608569	27427304	27437303
22	27141	27223	rs9613352	rs5761936	27437467	27460793
22	27224	27295	rs13053916	rs8138304	27460810	27480883
22	27297	27298	rs16983597	rs76607763	27481284	27481509
22	27299	27321	rs1474559	rs9608575	27481614	27486722
22	27324	27354	rs4547629	rs5761961	27487232	27491551
22	27355	27393	rs4820736	rs62222834	27491699	27497017
22	27395	27400	rs12484265	rs5761976	27497181	27498426
22	27401	27437	rs5752491	rs5761989	27500423	27510626
22	27438	27439	rs5761991	rs969972	27510846	27511667
22	27441	27456	rs11703440	rs738151	27512234	27519122
22	27458	27459	rs134942	rs134943	27519617	27519787
22	27461	27483	rs8137518	rs5752495	27520441	27530318
22	27484	27485	rs5761999	rs5762000	27530922	27530934
22	27486	27492	rs9608580	rs9608581	27532474	27533998
22	27493	27497	rs6005305	rs956548	27535029	27537502
22	27498	27532	rs5762004	rs6519702	27539202	27553046
22	27533	27560	rs80209983	rs9784231	27554578	27562184
22	27563	27614	rs77570866	rs975077	27562937	27577261
22	27615	27616	rs8137134	rs79453715	27579150	27579428
22	27617	27688	rs9613393	rs9613403	27580688	27619844
22	27689	27690	rs508576	rs509317	27620514	27620929
22	27697	27735	rs7285915	rs9613409	27622616	27635001
22	27736	27737	rs875101	rs875100	27636138	27636146
22	27739	27769	rs522537	rs16984038	27636486	27644305
22	27770	27771	rs9625190	rs9625191	27644840	27644841
22	27772	27773	rs78355055	rs552212	27644893	27644949
22	27774	27805	rs541963	rs28459018	27645095	27653424
22	27810	27815	rs513961	rs17437055	27656908	27658324
22	27816	27845	rs760591	rs5752511	27659029	27662934
22	27846	27847	rs5762051	rs713855	27663166	27663248
22	27849	27863	rs73153927	rs4414	27664339	27669376
22	27865	27866	rs134798	rs134799	27670020	27670348
22	27867	27880	rs47808	rs5762053	27670885	27675461
22	27881	27883	rs558177	rs542981	27677747	27679808
22	27886	27909	rs74617949	rs6005366	27681626	27693121
22	27913	28023	rs11090481	rs909527	27696913	27731294
22	28024	28049	rs909528	rs849357	27731388	27742732
22	28051	28173	rs1401525	rs12483939	27744608	27773148
22	28175	28176	rs5762099	rs8137706	27773333	27773685
22	28179	28258	rs2179101	rs28374118	27774424	27791725
22	28261	28264	rs6005419	rs78857754	27792470	27792595
22	28268	28358	rs16984501	rs1884127	27793356	27823447
22	28362	28373	rs56109094	rs5752546	27824473	27829661
22	28377	28378	rs9306440	rs13058149	27831342	27831347
22	28382	28388	rs6005434	rs999223	27833053	27834539
22	28389	28393	rs2342942	rs4822878	27836058	27836311
22	28394	28397	rs738575	rs6005437	27836393	27837974
22	28398	28486	rs6005440	rs4822887	27839208	27869192
22	28487	28489	rs9613451	rs761598	27869375	27872030
22	28491	28506	rs10439912	rs9613454	27873024	27879333
22	28507	28589	rs11704334	rs2342930	27880207	27896605
22	28591	28691	rs4822894	rs7284253	27896995	27920240
22	28692	28694	rs7288771	rs5752573	27920269	27920547
22	28695	28696	rs62236589	rs5997264	27921255	27921417
22	28697	28698	rs5762233	rs34110505	27921791	27922431
22	28699	28700	rs1983661	rs56345150	27922614	27922662
22	28701	28716	rs1983660	rs8137397	27922707	27925604
22	28717	28727	rs8138856	rs5752577	27926280	27930781
22	28728	28729	rs11703110	rs17381914	27930851	27930902
22	28731	28736	rs79880	rs2207681	27931552	27932663
22	28738	28748	rs6005502	rs738757	27935285	27937085
22	28749	28754	rs11703129	rs11703448	27940060	27943861
22	28762	28765	rs1079973	rs17382280	27949129	27950553
22	28766	28827	rs56357453	rs5762257	27951161	27968208
22	28828	28846	rs73423100	rs1012769	27969629	27976203
22	28848	28907	rs73160595	rs738751	27977395	27991069
22	28908	28909	rs9613478	rs9608623	27992262	27992413
22	28911	28913	rs9608624	rs2880625	27993597	27994059
22	28914	28934	rs34209786	rs1807612	27996402	28002452
22	28935	28939	rs738756	rs71325248	28003266	28004827
22	28941	28942	rs9613483	rs9613485	28005495	28005559
22	28944	29035	rs9608626	rs133991	28006526	28027132
22	29037	29055	rs5752601	rs73162337	28027704	28033959
22	29057	29068	rs56000319	rs84510	28034931	28038608
22	29070	29098	rs62235563	rs9613504	28040742	28050390
22	29099	29143	rs2343417	rs78260427	28050829	28067502
22	29144	29150	rs186316219	rs134094	28068140	28068630
22	29152	29199	rs11703789	rs111421656	28069396	28091826
22	29201	29257	rs9625295	rs6005583	28092551	28104977
22	29258	29268	rs11090507	rs8137285	28105851	28109273
22	29269	29331	rs6005584	rs11913308	28109329	28130044
22	29334	29370	rs2015186	rs45468794	28130988	28143044
22	29376	29377	rs5762341	rs7289065	28149160	28149693
22	29380	29409	rs4822935	rs74993282	28150109	28161805
22	29410	29420	rs7292322	rs2880840	28163346	28166470
22	29422	29441	rs2073784	rs402048	28168252	28175741
22	29443	29445	rs2283847	rs715627	28181399	28184328
22	29446	29453	rs12166473	rs5762358	28185452	28190414
22	29454	29456	rs10719007	rs2880841	28190802	28190809
22	29458	29466	rs34343183	rs5752640	28196910	28203750
22	29468	29493	rs372333047	rs35109263	28206141	28217900
22	29496	29497	rs12159838	rs564732368	28233305	28233331
22	29500	30418	rs12160891	rs17885892	28256019	29129741
22	30419	30426	rs738722	rs5762765	29130012	29133033
22	30427	30886	rs9608698	rs6005967	29134559	29446975
22	30888	30901	rs6519770	rs6005976	29448408	29456360
22	30904	30905	rs134557	rs134558	29457582	29457622
22	30907	31106	rs16987014	rs5762994	29458788	29519375
22	31108	31250	rs67157227	rs113492476	29521071	29618375
22	31251	31253	rs78011494	rs9608740	29620176	29620325
22	31255	31361	rs9613841	rs17526034	29622636	29650987
22	31364	31531	rs2744465	rs714963	29653611	29793741
22	31532	31610	rs714962	rs459310	29793835	29819081
22	31614	31740	rs9608765	rs8136014	29821113	29880049
22	31743	31744	rs2240635	rs2240636	29881214	29881253
22	31745	31754	rs3815335	rs165602	29881468	29886043
22	31756	31757	rs1061373	rs710195	29886893	29887186
22	31758	32191	rs113286287	rs76774084	29887579	30107920
22	32193	32202	rs28540755	rs2527347	30110552	30116692
22	32203	32996	rs79665861	rs2412981	30117023	30600065
22	32997	33001	rs9614159	rs9614162	30601243	30604102
22	33002	33003	rs9614163	rs11913168	30605601	30606564
22	33004	33011	rs9614164	rs13057533	30606986	30610731
22	33014	33026	rs4823083	rs9620960	30612319	30618600
22	33027	33062	rs8135148	rs929273	30618648	30640595
22	33063	33064	rs2267153	rs3761427	30643609	30644826
22	33065	33410	rs9606708	rs111373262	30646126	30835715
22	33411	33412	rs5753137	rs5753138	30836313	30836392
22	33414	33521	rs2899150	rs75014518	30837511	30869057
22	33523	33696	rs74815778	rs42926	30870249	30952776
22	33698	33700	rs2267161	rs79435691	30953295	30954071
22	33703	33768	rs35908001	rs11912540	30956122	30993265
22	33769	33777	rs9609010	rs11912888	30993409	30993463
22	33778	33780	rs151245235	rs138990075	30993470	30993478
22	33781	33786	rs148188601	rs138337839	30993483	30993492
22	33787	33788	rs137970780	rs141278310	30993500	30993501
22	33789	33807	rs35062974	rs73881486	30993934	30996992
22	33809	33980	rs62227035	rs5997731	31001056	31062596
22	33984	33985	rs3827379	rs75490016	31063939	31064020
22	33986	33989	rs34779325	rs71331257	31064736	31066100
22	33990	34358	rs13053277	rs5753348	31066296	31252038
22	34359	34362	rs5997785	rs2107401	31252502	31253230
22	34367	34426	rs11703144	rs8137116	31254737	31270522
22	34427	34615	rs9609139	rs5997852	31271534	31438581
22	34619	34620	rs9609200	rs9609201	31439170	31439173
22	34622	34713	rs12484046	rs5753454	31439650	31475307
22	34714	34721	rs77516452	rs17822214	31475312	31479071
22	34722	34788	rs9621184	rs56017492	31480069	31516513
22	34790	34793	rs62236159	rs8137317	31517057	31518824
22	34796	34818	rs9621195	rs740231	31520472	31531150
22	34820	34821	rs757872	rs2232184	31532568	31532608
22	34826	35802	rs2232179	rs136868	31534127	32273476
22	35803	35850	rs5994443	rs113680418	32275353	32309006
22	35851	35852	rs5998175	rs60480657	32309241	32310904
22	35853	35874	rs4820994	rs2097390	32311619	32326238
22	35876	36567	rs4820057	rs136422	32327794	32576367
22	36572	36684	rs136425	rs55962192	32579039	32606131
22	36685	36775	rs713766	rs73164052	32606790	32640705
22	36776	36802	rs7292027	rs9621420	32646746	32661831
22	36803	36805	rs56240204	rs138117567	32662384	32663936
22	36807	36808	rs738201	rs738202	32665756	32665789
22	36810	37184	rs73164068	rs116899321	32666596	32727226
22	37185	37186	rs28754732	rs12484490	32727537	32727797
22	37188	37189	rs2076038	rs75681944	32728535	32728558
22	37192	37569	rs2014137	rs16990445	32728966	32827586
22	37575	37599	rs5754082	rs5754086	32829094	32836709
22	37600	37601	rs2092136	rs2179166	32838255	32838376
22	37603	37688	rs5998493	rs9609560	32838525	32856999
22	37690	37691	rs8141337	rs6518780	32857821	32857824
22	37693	37872	rs5994572	rs62232672	32858428	32905973
22	37875	37901	rs1894451	rs130446	32907769	32916292
22	37903	38011	rs62232673	rs2710381	32919303	32950104
22	38013	38016	rs8139920	rs2858343	32950584	32950649
22	38019	38020	rs2710382	rs2710383	32950848	32950969
22	38024	38082	rs7287624	rs74764381	32952321	32974516
22	38085	38132	rs3788461	rs73154336	32977216	32988620
22	38135	38138	rs8136793	rs5754162	32990588	32991307
22	38139	38161	rs5754163	rs5754164	32991359	32999227
22	38162	38167	rs16990827	rs2858741	32999768	33000853
22	38170	38171	rs113845585	rs2858742	33000946	33000959
22	38172	38173	rs4820084	rs17700898	33001177	33001207
22	38174	38304	rs16990831	rs34173195	33001276	33044935
22	38307	38309	rs131068	rs62234573	33045395	33045573
22	38312	38315	rs762899	rs4303813	33046110	33046628
22	38316	38338	rs5754185	rs114443432	33046732	33056396
22	38341	38405	rs76960701	rs725337	33061497	33120657
22	38408	38409	rs12172292	rs12172303	33122204	33122215
22	38411	38449	rs2413145	rs5998607	33123444	33133945
22	38451	38457	rs371077953;rs1967960	rs1894452	33135160	33136937
22	38458	38468	rs5998610	rs5998612	33138503	33140855
22	38470	38656	rs713958	rs2413154	33142153	33176049
22	38657	38801	rs130538	rs74438510	33176326	33238149
22	38802	38858	rs62232922	rs137497	33240034	33273786
22	38864	39086	rs2042796	rs73162045	33275447	33396759
22	39087	39138	rs133940	rs5998697	33397425	33420741
22	39139	39188	rs5754384	rs9609696	33421179	33439673
22	39190	39191	rs5998705	rs10483168	33440135	33440219
22	39192	39264	rs5998706	rs5749553	33440890	33479930
22	39265	39319	rs9609705	rs137300	33482112	33505821
22	39323	39327	rs137304	rs5994672	33508318	33510237
22	39330	39331	rs137307	rs137309	33512106	33514133
22	39332	39333	rs137310	rs137311	33514614	33514616
22	39336	39341	rs112697286	rs137317	33516495	33519454
22	39344	39490	rs137319	rs76528353	33519923	33560083
22	39493	39689	rs16991918	rs2097369	33561383	33607714
22	39691	39752	rs13054395	rs62224756	33610292	33655012
22	39754	39756	rs7286135	rs7285192	33656156	33656368
22	39757	39765	rs5994706	rs4821139	33659787	33664352
22	39767	39810	rs4821140	rs7289096	33665664	33693623
22	39811	39821	rs8137471	rs9621677	33695206	33699019
22	39822	39875	rs73166234	rs1967965	33699929	33727723
22	39876	39878	rs2283888	rs57281499	33728020	33728060
22	39880	39945	rs1985748	rs11914078	33728300	33760906
22	39946	40052	rs1001223	rs12152123	33763247	33804185
22	40053	40055	rs11703802	rs117531661	33804510	33804893
22	40058	40209	rs2267202	rs5998970	33806540	33890019
22	40211	40225	rs5749619	rs2301405	33891147	33895712
22	40226	40230	rs8137506	rs2283909	33895823	33896495
22	40231	40232	rs2267220	rs35080567	33898114	33898171
22	40233	40234	rs4239871	rs75965227	33898368	33898369
22	40240	40242	rs62225321	rs739027	33898906	33902342
22	40243	40291	rs2267221	rs2267228	33904676	33935858
22	40292	40294	rs8136529	rs2267229	33935897	33936475
22	40296	40392	rs59666206	rs113463828	33936965	33967612
22	40394	40395	rs16992562	rs5994776	33968368	33969514
22	40396	40493	rs5999017	rs240591	33970348	34020543
22	40495	40503	rs240590	rs2413197	34021876	34024452
22	40504	40552	rs11704879	rs2267249	34026303	34066846
22	40553	40579	rs59682700	rs4820110	34067781	34075249
22	40580	40618	rs17733474	rs2045314	34077047	34090873
22	40619	40655	rs17733790	rs12159427	34090960	34106504
22	40657	40673	rs6518838	rs8137922	34106745	34113903
22	40674	40675	rs5749651	rs59963075	34115785	34115786
22	40676	41060	rs5749652	rs2267299	34116538	34225482
22	41063	41212	rs1894427	rs5754731	34226143	34269491
22	41213	41214	rs5754732	rs5754733	34269526	34269594
22	41215	41235	rs16985375	rs2267310	34270163	34278490
22	41238	41412	rs5754739	rs7290012	34281047	34353798
22	41416	41459	rs5754772	rs394762	34357236	34391473
22	41461	41486	rs7287123	rs243239	34392105	34403487
22	41488	41525	rs12484900	rs111957146	34404781	34430084
22	41526	41620	rs17748844	rs135178	34432759	34491513
22	41621	41623	rs135183	rs80209	34492542	34493236
22	41624	41626	rs135190	rs135192	34495450	34495551
22	41627	41652	rs135193	rs130663	34496035	34515686
22	41653	41654	rs8142951	rs130664	34516294	34516551
22	41655	41667	rs5749735	rs130671	34517159	34528445
22	41669	41865	rs1873233	rs5754886	34530384	34586902
22	41866	41968	rs5749759	rs12170794	34587043	34613112
22	41969	42549	rs75718737	rs204455	34613273	34799079
22	42550	42551	rs204456	rs5755023	34799184	34799261
22	42552	42613	rs5994922	rs5999341	34799521	34815372
22	42617	42698	rs5999345	rs71314904	34816876	34855476
22	42703	42712	rs135159	rs11913158	34858174	34860178
22	42715	43189	rs13054829	rs4821266	34861364	34980134
22	43190	43195	rs4821267	rs2005966	34980434	34984093
22	43196	43197	rs28673390	rs28433938	34984731	34984732
22	43199	43200	rs2281025	rs874814	34985697	34986400
22	43201	43356	rs5755123	rs4352309	34987538	35055128
22	43357	43523	rs11089689	rs4821293	35055208	35138540
22	43525	43835	rs137238	rs941436	35140804	35230542
22	43839	43998	rs5749971	rs2157214	35231762	35310501
22	43999	44099	rs5755412	rs4635628	35314472	35340584
22	44100	44116	rs5755441	rs5999644	35340830	35343623
22	44118	44120	rs66798044	rs7289498	35344658	35344720
22	44122	44124	rs8137322	rs1961917	35346255	35347132
22	44125	44133	rs5750007	rs55770569	35347360	35350894
22	44136	44157	rs5755458	rs9607215	35352591	35368333
22	44160	44161	rs9619497	rs737821	35371248	35371707
22	44164	44237	rs4541330	rs62243115	35375665	35400639
22	44239	44240	rs144510716	rs199650469	35401180	35401204
22	44244	44673	rs62243117	rs11703379	35406283	35530868
22	44675	44678	rs1473815	rs134222	35531394	35531757
22	44680	44690	rs1473816	rs62243471	35532734	35540044
22	44692	45060	rs5999742	rs2413319	35540423	35636461
22	45064	45065	rs2142536	rs2413320	35637886	35637890
22	45066	45068	rs4821382	rs4820184	35638115	35638301
22	45069	45230	rs4820185	rs7289046	35639192	35717540
22	45232	45240	rs10483190	rs78771622	35722011	35725806
22	45241	45294	rs138786	rs133407	35728466	35749400
22	45296	45304	rs133408	rs16995624	35749703	35753497
22	45305	45418	rs79213904	rs2285112	35753626	35789263
22	45419	45450	rs17880288	rs4645760	35790323	35802844
22	45452	45589	rs4645763	rs28876179	35803204	35862247
22	45591	45593	rs28620909	rs28571767	35865218	35866387
22	45594	45658	rs58459861	rs2179082	35867398	35888658
22	45660	45711	rs9610302	rs5999854	35891102	35913606
22	45717	45720	rs139055	rs139058	35916580	35916709
22	45721	45722	rs4821405	rs713968	35917309	35917546
22	45725	45742	rs5995113	rs7286860	35919589	35923469
22	45746	45825	rs9610311	rs926336	35924713	35952603
22	45826	45828	rs8141397	rs5995119	35952990	35954825
22	45830	45831	rs9610316	rs5755747	35955368	35955382
22	45833	45900	rs2179248	rs9610322	35956104	35980173
22	45902	45918	rs1474597	rs73154079	35981982	35986090
22	45920	46005	rs5755771	rs1476000	35987432	36023440
22	46006	46011	rs13056225	rs5999894	36024971	36028171
22	46012	46062	rs5750138	rs5995131	36028531	36043201
22	46064	46067	rs5755827	rs9622241	36046992	36048366
22	46068	46069	rs146193160	rs377103170	36048482	36049171
22	46070	46071	rs12169529	rs2010168	36050587	36050589
22	46072	46073	rs34730073	rs35675903	36053526	36054572
22	46074	46103	rs5755840	rs5755862	36059330	36071804
22	46107	46156	rs5755871	rs11703911	36076898	36090060
22	46158	46320	rs4821429	rs12628439	36091878	36126067
22	46322	46353	rs111983112	rs13054288	36126395	36132974
22	46359	46360	rs926756	rs11542071	36134691	36135211
22	46361	46630	rs5750173	rs5756070	36136945	36451100
22	46632	46643	rs5995197	rs4331608	36452100	36456462
22	46645	46705	rs113563635	rs6000123	36457452	36490708
22	46706	46801	rs6000124	rs1894605	36490712	36525981
22	46802	46818	rs4263216	rs9610407	36526255	36535005
22	46819	46912	rs11705238	rs77014986	36537029	36567899
22	46914	47024	rs132671	rs132710	36569844	36593245
22	47028	47115	rs7290695	rs132748	36595029	36605725
22	47117	47237	rs12165396	rs12485062	36607229	36631952
22	47241	47250	rs2157251	rs2001195	36633427	36635032
22	47251	47252	rs136144	rs1974458	36635444	36635445
22	47256	47343	rs34379667	rs9610474	36636722	36662386
22	47344	47348	rs9610475	rs5750246	36662677	36662748
22	47349	47358	rs78523	rs75236174	36663248	36666325
22	47362	47369	rs136184	rs4821476	36668183	36670690
22	47370	47389	rs136187	rs762964	36672276	36679652
22	47391	47473	rs13053731	rs6000238	36682707	36713754
22	47477	47519	rs56205383	rs739097	36716028	36746079
22	47521	47523	rs7284751	rs79335554	36749149	36749168
22	47525	47529	rs62230200	rs136206	36754074	36755498
22	47531	47746	rs136209	rs28430325	36757202	36829002
22	47748	47851	rs28669042	rs139992	36829240	36859415
22	47854	47983	rs139994	rs5750266	36860270	36905571
22	47984	47988	rs2899264	rs728785	36905776	36907098
22	47989	48026	rs71314991	rs7288463	36911298	36922798
22	48031	48034	rs6000297	rs6000300	36923400	36923591
22	48035	48102	rs6000301	rs5995308	36923861	36941780
22	48104	48123	rs140005	rs140028	36943544	36950300
22	48125	48127	rs140033	rs5750270	36953815	36954192
22	48129	48134	rs5756240	rs12483811	36954559	36955382
22	48135	48182	rs148312209	rs2267341	36955687	36976975
22	48185	48239	rs73171810	rs12484003	36978260	37001576
22	48240	48243	rs4821510	rs2267343	37003456	37006317
22	48244	48324	rs2267344	rs2284000	37006344	37053338
22	48326	48363	rs9610556	rs2284008	37059096	37073748
22	48366	48369	rs2284009	rs738514	37078549	37080738
22	48371	48398	rs2284010	rs4821518	37081695	37096742
22	48400	48485	rs2284017	rs55859756	37096927	37139371
22	48486	48490	rs9607378	rs34334488	37140424	37141557
22	48491	48578	rs73884166	rs73156239	37142371	37190345
22	48583	48656	rs9610583	rs2071709	37193986	37209977
22	48658	48659	rs2067069	rs2067068	37210469	37210470
22	48660	48661	rs2269511	rs2269512	37210656	37210677
22	48662	48663	rs739032	rs762920	37212089	37212536
22	48665	48748	rs79237765	rs17748893	37214179	37245704
22	48749	48750	rs11913594	rs113513392	37246329	37246444
22	48752	48754	rs760521	rs56366618	37247851	37249449
22	48755	48785	rs5756372	rs9619637	37249491	37258651
22	48786	48788	rs741997	rs760517	37258813	37258986
22	48791	48792	rs34377419	rs909484	37259921	37260601
22	48793	48884	rs34173025	rs5756394	37262966	37300530
22	48885	48887	rs1985399	rs148893017	37302026	37302130
22	48889	48969	rs62229095	rs5750339	37303126	37319589
22	48971	48979	rs2284030	rs909486	37320873	37323988
22	48980	48995	rs2075936	rs131840	37328751	37333794
22	48999	49020	rs131843	rs13053824	37337409	37342874
22	49021	49022	rs13055167	rs2093380	37342888	37343000
22	49026	49070	rs2181013	rs9622520	37344103	37350152
22	49071	49140	rs1008267	rs6000514	37350417	37364432
22	49143	49147	rs112845603	rs9610612	37365926	37367365
22	49149	49260	rs2858472	rs2001062	37367723	37394731
22	49261	49262	rs9610628	rs56013331	37394847	37395019
22	49263	49360	rs5756468	rs3753145	37395334	37423486
22	49361	49420	rs8141597	rs2072860	37424848	37470604
22	49422	49501	rs881144	rs9619658	37471290	37496847
22	49504	49556	rs4140590	rs28450477	37498731	37513316
22	49558	49559	rs9610652	rs5995382	37514024	37514076
22	49560	49574	rs228931	rs5750383	37514226	37520225
22	49575	49576	rs3218340	rs228937	37520895	37520971
22	49579	49586	rs228942	rs228947	37524619	37526529
22	49587	49595	rs10854697	rs3218316	37527884	37529348
22	49596	49601	rs3218315	rs2543537	37529724	37531117
22	49602	49623	rs228953	rs228968	37531436	37538328
22	49625	49637	rs1003693	rs228976	37539188	37543173
22	49639	49663	rs228978	rs2051582	37544345	37558356
22	49667	49676	rs16997854	rs12167757	37562146	37567490
22	49677	49680	rs1034417	rs5756534	37567827	37569796
22	49682	49687	rs9610658	rs2543528	37570784	37571498
22	49688	49812	rs1421313	rs59755875	37573429	37611684
22	49813	49930	rs5756562	rs9607434	37611807	37636949
22	49931	50041	rs2239774	rs739035	37637653	37670825
22	50044	50045	rs9610699	rs11703534	37672448	37672769
22	50046	50053	rs4820280	rs6000648	37673107	37675218
22	50055	50079	rs2267363	rs13058636	37677392	37680512
22	50080	50081	rs7288504	rs7288236	37680998	37680999
22	50083	50107	rs2284044	rs4820281	37682365	37693011
22	50108	50109	rs2051608	rs2301435	37694277	37695256
22	50110	50117	rs2071855	rs2413460	37696555	37703529
22	50120	50121	rs2269591	rs2269593	37707962	37708004
22	50122	50143	rs3203726	rs13057410	37710013	37715544
22	50147	50177	rs7511542	rs9610713	37717313	37728491
22	50179	50180	rs9306316	rs7292549	37729249	37729706
22	50181	50319	rs62237461	rs61643013	37729997	37766809
22	50320	50323	rs8142615	rs2071857	37770066	37771158
22	50324	50359	rs4821653	rs4821661	37771985	37782256
22	50361	50368	rs17751502	rs73166409	37783351	37788206
22	50369	50396	rs7285687	rs12157866	37788640	37795283
22	50398	50505	rs8143072	rs133706	37796814	37832773
22	50506	50509	rs6519063	rs13053198	37833748	37836292
22	50510	50516	rs58046605	rs2097454	37840047	37843260
22	50520	50595	rs112747175	rs3817805	37845116	37900762
22	50598	50624	rs738304	rs28637987	37902177	37905970
22	50625	50628	rs28725270	rs371554454	37906115	37906155
22	50629	50630	rs9610775	rs9610776	37906262	37906493
22	50631	50719	rs6519065	rs2413470	37906689	37935412
22	50721	50741	rs7293163	rs5995458	37937829	37947369
22	50744	50799	rs6519071	rs7291467	37949320	37972628
22	50800	50808	rs968725	rs9610808	37973195	37974295
22	50809	50813	rs9607477	rs59987323	37974617	37976422
22	50821	50900	rs9622643	rs7510976	37978750	38008575
22	50902	51030	rs2294972	rs62236673	38010035	38076063
22	51032	51033	rs9610830	rs2899292	38077250	38077718
22	51034	51077	rs79370216	rs4264658	38077995	38100040
22	51078	51079	rs11089851	rs5756783	38100417	38101153
22	51081	51288	rs5750477	rs13058437	38102346	38208260
22	51291	51321	rs2285179	rs6000907	38211954	38245262
22	51322	51338	rs11703007	rs9466	38247790	38273749
22	51339	51464	rs147452996	rs742395	38275845	38447444
22	51466	51467	rs2413493	rs9622722	38448295	38448765
22	51468	51561	rs112035294	rs56076229	38448849	38503972
22	51564	51572	rs6001008	rs5756916	38505347	38507047
22	51573	51902	rs11570770	rs11089873	38507818	38614933
22	51903	51963	rs1059804	rs9610927	38615536	38653689
22	51964	52026	rs5756998	rs9622776	38655571	38679073
22	52028	52029	rs1977044	rs5750576	38679641	38679781
22	52031	52050	rs135738	rs135749	38680451	38685519
22	52052	52081	rs1057465	rs135764	38687997	38710412
22	52082	52101	rs1997644	rs5757043	38715222	38724682
22	52102	52115	rs5757049	rs5757057	38729433	38744184
22	52116	52178	rs763220	rs138379	38744727	38796420
22	52179	52182	rs138380	rs138382	38796629	38798187
22	52183	52184	rs34500977	rs138383	38799301	38799861
22	52185	52304	rs138385	rs138419	38800590	38863006
22	52309	52642	rs138430	rs5757274	38874396	39157404
22	52643	52658	rs56293530	rs139730315	39157728	39167166
22	52659	52660	rs4821820	rs5757279	39168258	39168987
22	52661	52667	rs78397383	rs4821822	39169721	39172111
22	52670	52673	rs11089898	rs5757282	39172588	39176125
22	52674	52675	rs738144	rs738145	39178375	39178393
22	52676	52793	rs760482	rs9607583	39178701	39248667
22	52794	52801	rs6519141	rs733107	39254437	39258078
22	52803	52804	rs735305	rs735306	39260001	39260032
22	52805	52996	rs2235140	rs5757363	39261135	39306269
22	52999	53103	rs146347544	rs5995640	39308053	39349617
22	53105	53118	rs5757402	rs144934196	39350072	39357088
22	53121	53244	rs12628403	rs67423253	39358037	39408940
22	53248	53271	rs2012735	rs112245252	39411865	39420941
22	53272	53274	rs2006973	rs4634033	39421962	39422272
22	53275	53284	rs28517561	rs186301560	39422762	39426281
22	53285	53341	rs4821858	rs5757457	39426747	39458503
22	53343	53524	rs78092381	rs139368	39464832	39518325
22	53525	53526	rs139370	rs139371	39519050	39519196
22	53527	53529	rs73161593	rs10427883	39519411	39520396
22	53531	53636	rs139374	rs2092410	39522488	39563208
22	53637	53664	rs5757507	rs17000822	39565241	39570442
22	53666	53669	rs6001473	rs7287160	39572567	39573724
22	53676	53677	rs12166894	rs34379659	39575848	39575873
22	53678	53932	rs62228308	rs17303681	39577089	39631768
22	53933	53938	rs56180415	rs5750781	39631963	39634434
22	53939	53975	rs71319025	rs7290087	39634444	39658542
22	53977	53979	rs9622983	rs4820371	39658704	39659088
22	53983	54451	rs760984	rs2413592	39660028	39858196
22	54452	54455	rs909674	rs7286917	39859169	39860868
22	54456	54457	rs760714	rs760715	39862341	39862343
22	54458	54461	rs28670891	rs6001601	39863046	39865475
22	54462	54478	rs2267412	rs4821901	39866080	39875966
22	54479	54481	rs34943118	rs2009999	39878998	39881000
22	54482	54549	rs17001167	rs5750849	39881140	39942090
22	54552	54614	rs59889044	rs3788556	39943388	39972162
22	54615	54616	rs5757734	rs132567	39973151	39973526
22	54617	54760	rs73885276	rs136823	39974188	40040892
22	54761	54765	rs2010746	rs11705208	40041317	40042054
22	54766	54771	rs470071	rs5757760	40042115	40044402
22	54774	54842	rs136829	rs4821914	40046176	40091547
22	54849	54850	rs5757777	rs5757778	40092864	40092866
22	54851	54853	rs12171228	rs35969023	40095174	40098459
22	54860	54868	rs6001655	rs6001658	40103934	40116817
22	54869	55075	rs10427663	rs137981	40117397	40327206
22	55076	55088	rs137983	rs76583112	40328991	40347489
22	55089	55092	rs3021227	rs2267419	40347816	40348196
22	55094	55116	rs137994	rs1011748	40349487	40375094
22	55119	55136	rs9607677	rs9607680	40378718	40392723
22	55137	55138	rs2958663	rs3021274	40394797	40395084
22	55139	55249	rs2958662	rs6001787	40395530	40527060
22	55251	55264	rs1807579	rs9611273	40528220	40534466
22	55265	55269	rs2064258	rs2143177	40534964	40535731
22	55271	55575	rs34301841	rs3804095	40537011	40723779
22	55576	55579	rs139919	rs470113	40726183	40729614
22	55581	55645	rs73167004	rs55844816	40732953	40803112
22	55647	55648	rs1543322	rs73167027	40806940	40808676
22	55649	55651	rs5757946	rs729982	40809034	40810946
22	55652	55655	rs78445741	rs4821944	40811146	40814636
22	55656	55974	rs2072856	rs133056	40816749	41051324
22	55975	55977	rs73171013	rs8141330	41051935	41052794
22	55979	55983	rs56169543	rs73171017	41054459	41060853
22	55984	55985	rs5995893	rs133059	41062014	41063177
22	55986	55987	rs56755140	rs4276108	41066598	41066606
22	55988	56326	rs12172281	rs138326	41066887	41211229
22	56328	56407	rs138328	rs5758177	41213267	41403844
22	56408	56411	rs743001	rs34780507	41404511	41405753
22	56412	56418	rs5758179	rs9611454	41406919	41409429
22	56422	57661	rs12166627	rs62240962	41410915	42259524
22	57664	57666	rs133286	rs744011	42262447	42265430
22	57667	57672	rs2017128	rs11702960	42265506	42269532
22	57674	57680	rs4822061	rs73163396	42270707	42277792
22	57681	57685	rs2267441	rs2267442	42278566	42280361
22	57686	57694	rs2269658	rs5996077	42280618	42285868
22	57696	57811	rs73165105	rs6002555	42287966	42343091
22	57812	57830	rs6002556	rs7285557	42343773	42348790
22	57831	57833	rs1894714	rs6519297	42349134	42349847
22	57834	58505	rs55903228	rs113253914	42349912	42689945
22	58510	58537	rs5996139	rs762999	42691689	42702673
22	58538	58609	rs6002678	rs9611773	42704386	42742938
22	58612	58841	rs5758713	rs74811460	42744362	42854906
22	58843	58848	rs5758731	rs6002741	42855277	42857308
22	58849	58880	rs12169066	rs4822134	42857611	42867332
22	58881	58888	rs5751280	rs187749054	42867855	42870441
22	58893	58894	rs5996171	rs5996172	42872086	42872128
22	58895	58901	rs57271318	rs5758746	42872587	42873942
22	58903	58905	rs5758747	rs6002747	42874300	42874631
22	58909	58937	rs5751282	rs5751285	42875479	42886204
22	58938	58939	rs7290566	rs5758757	42886876	42886887
22	58942	59135	rs73173053	rs141478056	42888260	42939927
22	59136	59139	rs136976	rs4822167	42940318	42940852
22	59141	59339	rs136979	rs137138	42941418	43023980
22	59342	59625	rs2267453	rs60422751	43025942	43095255
22	59626	59637	rs4822186	rs17485489	43095374	43096364
22	59638	59639	rs5996224	rs6002910	43096492	43096507
22	59641	59644	rs5758873	rs6002913	43097514	43098365
22	59645	59646	rs5758875	rs5751342	43098501	43098650
22	59649	59651	rs4822187	rs5758880	43100579	43100856
22	59653	59765	rs8141448	rs13054537	43101397	43125006
22	59767	59862	rs17003270	rs114083755	43127064	43155449
22	59864	59895	rs6519337	rs5751363	43155722	43160656
22	59896	59897	rs5758922	rs112375179	43160756	43161113
22	59902	59904	rs2064461	rs13058545	43161880	43162106
22	59905	59924	rs4822193	rs55904876	43162263	43164183
22	59925	60527	rs5996234	rs9607991	43164277	43410745
22	60528	60529	rs150359932	rs2267487	43410998	43411389
22	60531	60850	rs5759096	rs5751435	43412376	43513156
22	60851	60863	rs2179215	rs4988398	43513679	43516726
22	60865	60908	rs2003666	rs926329	43517905	43541173
22	60912	60990	rs138903	rs138938	43543954	43569608
22	60991	60993	rs762953	rs2269526	43570068	43570659
22	60994	60995	rs2269527	rs743807	43570794	43570919
22	61001	61190	rs55642192	rs139000	43572517	43615292
22	61192	61193	rs35376516	rs61547005	43615868	43615899
22	61195	61206	rs58377227	rs13053653	43618192	43621598
22	61208	61311	rs11705633	rs737612	43622234	43647416
22	61313	61314	rs53724	rs139026	43647954	43648208
22	61315	61319	rs12170498	rs139030	43648664	43653625
22	61322	61341	rs9623792	rs6003130	43654477	43662788
22	61344	61345	rs139035	rs4822269	43664665	43664937
22	61347	61415	rs139037	rs5759264	43667423	43693281
22	61416	61417	rs2007836	rs2001154	43693733	43693988
22	61421	61429	rs763269	rs739309	43698513	43701862
22	61432	61448	rs9623807	rs28549703	43704052	43713668
22	61452	61527	rs4822279	rs6003166	43715288	43745929
22	61529	61578	rs5996318	rs695262	43746855	43767403
22	61582	61633	rs695786	rs9680768	43769443	43787289
22	61636	61638	rs2015865	rs2015869	43789217	43789279
22	61639	61719	rs1555243	rs135083	43789634	43823696
22	61720	61721	rs135081	rs7290966	43824009	43824618
22	61722	61756	rs9306377	rs135051	43825439	43843663
22	61757	61760	rs135050	rs135046	43843852	43844826
22	61764	61765	rs739017	rs739016	43847589	43847779
22	61767	61802	rs75182897	rs7292049	43848307	43865625
22	61804	61805	rs73428345	rs8142313	43866931	43867177
22	61807	61808	rs867104	rs867105	43868315	43868506
22	61809	61810	rs6519378	rs12168865	43868571	43869281
22	61812	61844	rs867106	rs742836	43869607	43879664
22	61845	61846	rs2076665	rs2076666	43880499	43880506
22	61849	61851	rs117240868	rs4134426	43881153	43881248
22	61852	61861	rs28547081	rs62232041	43881336	43883616
22	61862	61868	rs28582261	rs142766464	43883747	43886032
22	61870	61881	rs148521375	rs143107308	43886756	43893034
22	61882	61883	rs149669758	rs141075713	43893952	43894599
22	61885	62873	rs538558029	rs6006569	43895201	44293320
22	62879	62880	rs9626045	rs138141	44295360	44295424
22	62882	62912	rs8140351	rs11090614	44295805	44300847
22	62913	62961	rs4823101	rs13053446	44301176	44321079
22	62964	62965	rs2076212	rs139047	44322970	44323074
22	62967	63232	rs139049	rs8141994	44323597	44397144
22	63233	63234	rs738496	rs5764455	44398201	44398524
22	63235	63236	rs6006610	rs6006611	44399761	44400698
22	63237	63239	rs4823184	rs8137707	44401022	44401191
22	63240	63251	rs8141269	rs6006615	44401232	44407599
22	63252	63264	rs9614312	rs6006619	44407745	44411638
22	63265	63266	rs9614313	rs566934470	44411910	44412166
22	63268	63272	rs7289219	rs2401519	44412190	44412228
22	63276	63280	rs9614315	rs135114	44415325	44417970
22	63286	63354	rs147560545	rs2299846	44419185	44447486
22	63356	63359	rs5764484	rs9614316	44448694	44449310
22	63361	63362	rs71330709	rs5764487	44451556	44451560
22	63363	63374	rs5764488	rs2284153	44451613	44454166
22	63375	63381	rs2284154	rs2267602	44454516	44456017
22	63382	63404	rs2267603	rs112872743	44456485	44461731
22	63406	63427	rs130308	rs5764084	44462540	44472344
22	63428	63430	rs2299847	rs2285107	44473752	44474750
22	63432	63434	rs470027	rs130319	44475243	44476235
22	63435	63513	rs13054328	rs5764088	44476774	44494419
22	63516	63518	rs3216455	rs8140244	44495406	44496917
22	63519	63520	rs190199647	rs62227668	44497309	44498057
22	63521	63522	rs9614325	rs9614200	44498134	44498201
22	63528	63623	rs2092437	rs133909	44500143	44522833
22	63627	63628	rs6006667	rs34333219	44523900	44523948
22	63630	63723	rs133915	rs75371488	44524197	44551787
22	63724	63754	rs8141159	rs139084	44552752	44560573
22	63755	63757	rs9614354	rs139086	44560839	44561016
22	63758	63767	rs5764106	rs139095	44561287	44564297
22	63768	63821	rs6006687	rs2272941	44564402	44577683
22	63822	63829	rs4823203	rs139130	44579695	44580788
22	63834	64123	rs139132	rs6006505	44582105	44655267
22	64124	64139	rs135438	rs135427	44656489	44657628
22	64140	64143	rs135426	rs135423	44657735	44659218
22	64144	64147	rs4823208	rs4823210	44661253	44662621
22	64149	64212	rs135422	rs12159191	44664311	44691555
22	64214	64222	rs11912676	rs8137744	44693518	44697280
22	64224	64225	rs7510586	rs6519835	44698827	44698887
22	64227	64265	rs56930386	rs9614436	44699404	44703502
22	64266	64296	rs9614231	rs74335946	44704613	44711589
22	64300	64301	rs73434505	rs73434508	44715451	44715503
22	64302	64327	rs62228561	rs34463496	44715797	44721172
22	64328	64329	rs75073425	rs113135690	44721664	44722542
22	64332	64333	rs73890928	rs73890929	44723115	44723119
22	64334	64397	rs34420568	rs5765896	44723271	44744080
22	64398	64403	rs872927	rs5766014	44744200	44745149
22	64405	64406	rs5766069	rs5766088	44745583	44745694
22	64407	64440	rs2097445	rs55783111	44745720	44753526
22	64442	64470	rs11705079	rs6007189	44754963	44761014
22	64472	64502	rs5765809	rs17509283	44761797	44765694
22	64508	64585	rs5765858	rs5765958	44766623	44781919
22	64586	64597	rs1003851	rs4823381	44782265	44785304
22	64599	64601	rs5766036	rs5765025	44786186	44786364
22	64603	64652	rs8136624	rs80263997	44786553	44799385
22	64655	64726	rs9614595	rs135961	44800640	44818518
22	64728	64732	rs35536840	rs12484843	44818780	44818900
22	64734	64767	rs135962	rs135981	44820796	44832404
22	64768	64772	rs135982	rs78425	44832538	44832657
22	64774	64775	rs737724	rs3884870	44833082	44833249
22	64777	64781	rs739163	rs7289805	44833580	44833973
22	64782	64828	rs8142684	rs133805	44834188	44838812
22	64829	64921	rs133803	rs6007161	44840686	44885144
22	64926	65044	rs1962220	rs5764887	44888063	44925725
22	65045	65054	rs4823334	rs5765756	44925925	44926676
22	65060	65091	rs5764891	rs17512927	44927952	44930701
22	65094	65165	rs62228388	rs5765785	44931795	44941891
22	65166	65209	rs4823241	rs5765811	44942067	44953500
22	65211	65238	rs141122484	rs138595	44954817	44966127
22	65239	65270	rs138596	rs138604	44967767	44975744
22	65272	65297	rs73428640	rs138629	44976358	44988595
22	65298	65302	rs760757	rs11090672	44989400	44994078
22	65305	65315	rs9614825	rs62228440	44996011	44998325
22	65316	65317	rs6006829	rs12166155	44999038	44999166
22	65318	65380	rs4823345	rs4823245	45000147	45010369
22	65382	65385	rs11090676	rs11912636	45011583	45011858
22	65386	65388	rs11704309	rs6006833	45011952	45013019
22	65389	65404	rs11090677	rs9614850	45013233	45015307
22	65405	65481	rs565146572	rs136889	45015473	45044066
22	65483	65508	rs136891	rs5764944	45045352	45051612
22	65509	65533	rs5764946	rs136908	45052191	45058852
22	65534	65535	rs136909	rs136911	45058990	45059248
22	65536	65550	rs2882202	rs11913901	45061767	45066071
22	65553	65628	rs73416538	rs62230602	45067165	45084247
22	65629	65630	rs6007242	rs17528831	45084493	45084907
22	65631	65646	rs6007243	rs6007249	45085018	45094043
22	65650	65677	rs73891741	rs77178137	45095261	45104723
22	65680	65681	rs76736572	rs34926500	45106173	45106233
22	65682	65747	rs9614562	rs8137831	45106786	45117556
22	65751	65757	rs1476050	rs9306484	45118550	45119659
22	65758	65760	rs57844723	rs143184941	45121428	45121825
22	65761	65763	rs2016013	rs4823365	45121864	45122866
22	65764	65776	rs2269571	rs3761483	45123084	45126427
22	65781	65844	rs5764979	rs75790518	45128288	45138032
22	65845	65848	rs56406562	rs6007269	45138404	45140028
22	65849	65850	rs78847506	rs132422	45140077	45140531
22	65851	65854	rs57014155	rs12170974	45140827	45141380
22	65857	65869	rs9614898	rs7288032	45143453	45147925
22	65872	65874	rs35586614	rs36013346	45148968	45148992
22	65876	65916	rs7284589	rs7284294	45149303	45155288
22	65918	65923	rs132450	rs132453	45156255	45157608
22	65925	65961	rs5764990	rs116957356	45158028	45167436
22	65962	65963	rs9626552	rs544299048	45167471	45168133
22	65964	65965	rs71330767	rs132468	45168140	45168170
22	65968	65982	rs132470	rs5765977	45169376	45172343
22	65983	65988	rs4373	rs9614922	45173005	45174712
22	65989	66107	rs132484	rs3788626	45174764	45188025
22	66111	66231	rs877666	rs5766052	45188601	45208585
22	66232	66241	rs13054446	rs5766055	45209412	45213867
22	66242	66243	rs12168522	rs35001704	45215613	45216062
22	66245	66253	rs13053938	rs5766058	45216340	45217086
22	66254	66343	rs6007307	rs9680763	45217138	45241702
22	66344	66345	rs77397275	rs136679	45241743	45241795
22	66347	66552	rs2269540	rs2349862	45242035	45264741
22	66554	66681	rs117822860	rs2239792	45265633	45311891
22	66682	66688	rs2239793	rs2239794	45312113	45312927
22	66689	66762	rs4823417	rs80078245	45313200	45335659
22	66763	66913	rs114732499	rs9615001	45336793	45396585
22	66915	66991	rs761676	rs2350232	45397507	45414515
22	66993	67011	rs113044507	rs132008	45414846	45418448
22	67013	67015	rs9626606	rs5766315	45418746	45419402
22	67016	67136	rs4823436	rs73890125	45419494	45442778
22	67137	67138	rs140568	rs7292832	45443156	45443163
22	67141	67145	rs6007430	rs140570	45445274	45446331
22	67146	67179	rs8142116	rs5765147	45446675	45449748
22	67182	67219	rs4823272	rs62231062	45450815	45456629
22	67223	67229	rs9614601	rs5766388	45458558	45461782
22	67230	67305	rs12485189	rs738550	45464635	45492608
22	67308	67322	rs9615020	rs56320924	45493589	45496593
22	67324	67325	rs4358236	rs5765167	45497395	45497738
22	67327	67328	rs6519913	rs8141541	45498003	45498115
22	67330	67345	rs973703	rs5766425	45498909	45502767
22	67348	67377	rs9615025	rs5766439	45503517	45515308
22	67378	67380	rs6007459	rs5766445	45515705	45516028
22	67381	67430	rs6007460	rs547698	45516107	45527845
22	67432	67599	rs9626286	rs1043731	45529502	45588377
22	67602	67756	rs1125398	rs11090735	45589490	45634738
22	67757	67850	rs2138149	rs1533370	45635216	45655720
22	67851	67852	rs1533371	rs6007546	45655844	45656200
22	67853	67856	rs226509	rs7285612	45657164	45657812
22	67857	67921	rs2138150	rs172865	45658035	45670674
22	67923	67925	rs9306491	rs6007567	45671159	45671203
22	67929	67935	rs2742648	rs2742650	45672574	45673578
22	67937	67938	rs2673094	rs6007573	45674740	45675114
22	67939	67991	rs968415	rs2742637	45675646	45684513
22	67992	67993	rs5765247	rs1135360	45684738	45685002
22	67994	67998	rs73169217	rs3788644	45685185	45686148
22	67999	68016	rs4823288	rs34395311	45687406	45699780
22	68017	68018	rs5766638	rs5766639	45700107	45700340
22	68019	68439	rs6007580	rs76650622	45700514	45855095
22	68440	68441	rs6007048	rs34310520	45856601	45856602
22	68443	68457	rs9626344	rs111930858	45857918	45861153
22	68458	68564	rs9626161	rs11913435	45863057	45894507
22	68565	68568	rs6007064	rs3091352	45895162	45895856
22	68570	68578	rs3810631	rs2235203	45897997	45899655
22	68579	68649	rs136716	rs136725	45901940	45917155
22	68650	68654	rs79025397	rs2018279	45917451	45918877
22	68655	68749	rs2283661	rs5764780	45919475	45941807
22	68751	68755	rs5765463	rs2071935	45942726	45944171
22	68759	68775	rs8135295	rs736766	45950985	45959894
22	68776	68815	rs736765	rs134821	45959897	45970029
22	68820	68823	rs4415	rs2071870	45971880	45972610
22	68824	68977	rs8138025	rs6007118	45974757	46014959
22	68978	68996	rs114304556	rs5765546	46015012	46022070
22	68997	68999	rs3213560	rs5765547	46022339	46024236
22	69000	69034	rs8142704	rs2351088	46025069	46040996
22	69036	69040	rs134847	rs134849	46041604	46044893
22	69041	69386	rs4823318	rs2351389	46045140	46256338
22	69388	69432	rs5765677	rs28371399	46257355	46279265
22	69433	69441	rs28570045	rs28465283	46279781	46285252
22	69446	69449	rs28528086	rs28473346	46288718	46289699
22	69451	69459	rs77632599	rs28554123	46290441	46294075
22	69464	69498	rs76741249	rs10448609	46295361	46304032
22	69500	69622	rs9286457	rs80346010	46304440	46332134
22	69623	69624	rs9723234	rs9330789	46332813	46332914
22	69625	69626	rs59614521	rs9723003	46333454	46333655
22	69628	69634	rs9330790	rs73444593	46334234	46336203
22	69635	69636	rs10453451	rs55918716	46336302	46336343
22	69639	69661	rs10454402	rs9286454	46337624	46344766
22	69662	69674	rs10448591	rs10448598	46345714	46347683
22	69675	69693	rs10448600	rs28633661	46347922	46351824
22	69695	69711	rs62226033	rs9330806	46352726	46357777
22	69717	69763	rs10448607	rs62228072	46361205	46387795
22	69764	69766	rs62228073	rs28394489	46387877	46389810
22	69768	69793	rs28496879	rs3935881	46390243	46398037
22	69796	69828	rs73175092	rs28706432	46398526	46409177
22	69830	69894	rs28520003	rs8138808	46411969	46445115
22	69895	69896	rs12159071	rs9627386	46445471	46446563
22	69897	69898	rs7510795	rs7510754	46446754	46446758
22	69899	69900	rs9627391	rs7511013	46447097	46447132
22	69901	69904	rs59929908	rs12159707	46447714	46449891
22	69905	69906	rs527662476	rs547414004	46450205	46450206
22	69907	69926	rs12484609	rs7286213	46450297	46462517
22	69929	69936	rs3934479	rs11913069	46469639	46475878
22	69937	69941	rs7410476	rs8135478	46477390	46481985
22	69942	69945	rs9626891	rs7291040	46482948	46484973
22	69948	69949	rs9615403	rs7410377	46486786	46487011
22	69950	69951	rs7410618	rs2145039	46487216	46487511
22	69953	69955	rs910923	rs117288154	46487902	46489492
22	69957	69958	rs17576466	rs11704961	46490731	46490802
22	69959	70035	rs11702999	rs6007862	46490826	46511768
22	70036	70138	rs62225915	rs881740	46512413	46567388
22	70140	70141	rs4253655	rs9626736	46569171	46570232
22	70142	70143	rs62225955	rs7288994	46570969	46570986
22	70146	70187	rs4253672	rs5767560	46573040	46595546
22	70188	70219	rs4823613	rs60610697	46598307	46619870
22	70221	70332	rs6007662	rs13057638	46621045	46662190
22	70333	70341	rs74766656	rs9615338	46662497	46670720
22	70342	70543	rs11704350	rs9615969	46671507	46773592
22	70544	70547	rs9615970	rs56344079	46773659	46774446
22	70548	70549	rs55896501	rs9626859	46774673	46774991
22	70552	70688	rs6008785	rs6008819	46775593	46817565
22	70689	70691	rs55676873	rs9615365	46818010	46818066
22	70692	70696	rs8136628	rs55816923	46818129	46818527
22	70698	70719	rs126574	rs754190	46819796	46826299
22	70720	70729	rs6008822	rs55791681	46827038	46832981
22	70731	70732	rs12628978	rs114797180	46833659	46833865
22	70740	70741	rs34550193	rs3788684	46836587	46836592
22	70743	70785	rs79170794	rs147667459	46837258	46852509
22	70790	70825	rs9284524	rs3788701	46853321	46859305
22	70827	70886	rs3788702	rs909853	46861091	46875235
22	70887	70888	rs3827409	rs3788711	46875743	46875851
22	70890	70891	rs1966170	rs2223515	46876619	46877389
22	70892	70950	rs1122940	rs143246248	46878038	46889741
22	70951	71012	rs5768836	rs13056008	46890610	46903627
22	71013	71016	rs13055761	rs34074455	46904151	46904570
22	71018	71050	rs6008880	rs5768870	46905066	46911745
22	71051	71052	rs3827412	rs4823839	46913478	46913774
22	71056	71061	rs6007924	rs9627486	46915612	46916662
22	71062	71101	rs5768880	rs713917	46916960	46922611
22	71103	71130	rs4374471	rs71313054	46923800	46927249
22	71132	71133	rs35717175	rs34083227	46927664	46927667
22	71134	71135	rs3788727	rs8141744	46928266	46930107
22	71136	71314	rs2878874	rs9627512	46934303	46977702
22	71315	71317	rs5768983	rs5768985	46978375	46978958
22	71318	71319	rs1079838	rs1079837	46979133	46979240
22	71322	71425	rs73181061	rs77641924	46979914	46997628
22	71427	71439	rs138545	rs9616079	46998334	47000761
22	71440	71717	rs4823865	rs2748348	47000776	47081855
22	71720	71771	rs2542014	rs135689	47083010	47097955
22	71772	71773	rs112946947	rs9627530	47098086	47098277
22	71774	71791	rs79273339	rs135700	47098720	47106715
22	71793	71839	rs6008957	rs5769111	47108669	47117573
22	71841	71984	rs5767334	rs11703936	47122677	47158335
22	71988	71994	rs801639	rs77669889	47161507	47163954
22	71996	72161	rs530671949	rs8135538	47164407	47235837
22	72163	72310	rs56265531	rs9616143	47236840	47296054
22	72311	72313	rs4823889	rs6009043	47296574	47297670
22	72317	72318	rs4823890	rs4823582	47299533	47299646
22	72319	72498	rs4823583	rs136081	47299725	47351313
22	72500	72553	rs136082	rs136110	47352972	47369660
22	72558	72667	rs4438	rs1807720	47371218	47434236
22	72668	72743	rs9615450	rs140544	47435694	47445957
22	72747	72751	rs28438389	rs73888843	47447238	47447671
22	72752	72908	rs77749031	rs4823591	47448491	47492213
22	72910	72946	rs5767486	rs7291262	47494446	47510778
22	72947	72948	rs910540	rs1884287	47511446	47511496
22	72949	72950	rs13053578	rs910541	47511832	47511864
22	72952	73000	rs35822012	rs5767528	47512496	47535882
22	73002	73007	rs2007905	rs5767532	47536762	47539585
22	73008	73030	rs55884272	rs738671	47539586	47548949
22	73031	73034	rs4823601	rs6008047	47549823	47551628
22	73035	73122	rs57930628	rs1884288	47551891	47566909
22	73126	73127	rs73170484	rs2337242	47567653	47567675
22	73128	73156	rs2337243	rs5767566	47567871	47574088
22	73158	73164	rs135370	rs71313095	47575263	47588682
22	73165	73166	rs135377	rs6008078	47595595	47595630
22	73167	73334	rs117770712	rs136631	47595955	47652048
22	73338	73339	rs8136752	rs9615482	47653468	47653549
22	73342	73354	rs739111	rs80451	47656578	47659250
22	73355	73379	rs136638	rs73887243	47661453	47671029
22	73381	73392	rs9626985	rs9615146	47671400	47679296
22	73393	73395	rs58656950	rs766169	47679506	47680100
22	73398	73400	rs6008117	rs6008118	47683076	47683805
22	73402	73407	rs11704789	rs6519941	47685036	47686204
22	73408	73414	rs6519942	rs1005241	47686283	47687618
22	73415	73586	rs2187793	rs112893058	47688003	47749349
22	73588	73590	rs9627009	rs4823633	47750127	47750957
22	73591	73611	rs140530	rs8136815	47752111	47766183
22	73613	73614	rs131854	rs131855	47766596	47766657
22	73615	73796	rs739033	rs73172599	47767673	47827401
22	73797	73798	rs17176265	rs57557576	47827866	47828194
22	73800	73840	rs4823643	rs130875	47830034	47854776
22	73841	73888	rs35777403	rs6008234	47855454	47882763
22	73889	73890	rs4823650	rs4432570	47883698	47884308
22	73891	73892	rs4823651	rs9627061	47884569	47885402
22	73894	73896	rs9627062	rs9615537	47885425	47887739
22	73897	73983	rs9615538	rs135143	47888261	47937891
22	73984	73985	rs738486	rs10048899	47938564	47938652
22	73986	73987	rs130479	rs130480	47938766	47938767
22	73989	73990	rs713648	rs713683	47939597	47939681
22	73992	74039	rs130481	rs41342646	47940908	47957517
22	74042	74043	rs6007693	rs11090780	47958868	47959059
22	74045	74059	rs6008272	rs6007697	47959462	47968735
22	74060	74066	rs16997104	rs5766802	47968920	47972122
22	74070	74071	rs131119	rs13056256	47976533	47976545
22	74072	74078	rs6008279	rs2337969	47977041	47983376
22	74079	74092	rs13056610	rs181978427	47983952	47986037
22	74093	74094	rs12169425	rs56813510	47986162	47986266
22	74095	74096	rs695560	rs4404380	47986365	47986592
22	74097	74112	rs7284363	rs131078	47987721	47993802
22	74113	74115	rs131075	rs35136011	47995251	47995475
22	74118	74218	rs131072	rs910802	47997532	48020172
22	74223	74696	rs116115168	rs57269676	48022121	48188194
22	74700	74704	rs5766877	rs720439	48188364	48190598
22	74706	74769	rs720440	rs74876332	48190749	48210968
22	74771	74772	rs4823697	rs62225109	48211532	48211540
22	74773	74784	rs11703828	rs5766886	48212275	48214519
22	74785	74786	rs6008407	rs6008408	48214606	48214608
22	74787	74806	rs2208123	rs11090792	48214812	48219135
22	74807	74808	rs5768020	rs13054679	48219492	48219937
22	74809	74919	rs4823498	rs5768075	48220295	48245450
22	74922	74982	rs13056344	rs11090798	48247371	48270766
22	74987	74988	rs4823716	rs4823717	48271905	48271961
22	74989	75023	rs62224236	rs17619725	48272733	48286671
22	75024	75040	rs8136986	rs79604720	48287318	48293220
22	75042	75231	rs5768124	rs10433324	48294603	48335872
22	75232	75250	rs55832066	rs715509	48339734	48354855
22	75253	75254	rs9615240	rs5768214	48356961	48357108
22	75255	75268	rs6008474	rs16998000	48357227	48360485
22	75272	75390	rs1028528	rs34611273	48362290	48392299
22	75392	75395	rs5768252	rs135354	48392894	48393304
22	75397	75535	rs715501	rs5768302	48394689	48443497
22	75536	75537	rs11090812	rs4823511	48444959	48445221
22	75539	75566	rs5767002	rs715521	48446316	48454426
22	75567	75569	rs5768310	rs9615262	48454564	48454988
22	75570	75582	rs5768311	rs17697394	48457140	48460689
22	75584	75586	rs9306509	rs135277	48464012	48465870
22	75587	75633	rs9615748	rs135299	48466113	48479731
22	75634	75638	rs6008550	rs62225725	48481280	48482463
22	75640	75641	rs11703784	rs7289613	48483072	48483385
22	75643	75679	rs5768341	rs5768355	48484533	48501358
22	75680	75683	rs9627248	rs73184776	48501684	48502088
22	75684	75739	rs73184777	rs131131	48502152	48531216
22	75740	75741	rs6519981	rs5768366	48533646	48533738
22	75742	75769	rs11705272	rs113271921	48534340	48544702
22	75775	75890	rs9615761	rs133521	48545619	48576972
22	75891	75899	rs133522	rs9615271	48577209	48579073
22	75900	75907	rs133524	rs133526	48579318	48584814
22	75908	75917	rs6008573	rs6007811	48584919	48590570
22	75919	75920	rs133529	rs6007812	48591017	48591245
22	75922	75923	rs133531	rs13053188	48591633	48591692
22	75924	76060	rs133532	rs713762	48592346	48623992
22	76061	76156	rs56077597	rs9615302	48624180	48649578
22	76158	76162	rs75788033	rs5768482	48650288	48651726
22	76164	76165	rs74764796	rs1004689	48651995	48651997
22	76167	76170	rs2338676	rs5768485	48652711	48653206
22	76174	76175	rs4391	rs4823515	48653779	48654123
22	76176	76178	rs713970	rs4500	48654950	48655892
22	76179	76229	rs9615845	rs730756	48658467	48674928
22	76232	76263	rs4823743	rs11704605	48677229	48685281
22	76264	76314	rs4084296	rs117744013	48686182	48694798
22	76315	76316	rs6008618	rs79928765	48694866	48694974
22	76318	76341	rs75923868	rs133625	48695745	48700393
22	76342	76343	rs4396	rs61067247	48701023	48701030
22	76349	76391	rs133626	rs2075956	48705243	48713879
22	76395	76396	rs8137384	rs8140574	48714419	48714420
22	76398	76448	rs133649	rs72619582	48715166	48721071
22	76451	76509	rs11913692	rs11702938	48721585	48739447
22	76511	76512	rs6008656	rs75500748	48739642	48739692
22	76513	76518	rs60466180	rs6007835	48740405	48741012
22	76519	76524	rs62225493	rs9615873	48741310	48741402
22	76529	76550	rs2072725	rs6008659	48742656	48747097
22	76552	76565	rs5767108	rs2142555;rs398101799	48748390	48751818
22	76566	76581	rs6008665	rs73890424	48752048	48753977
22	76582	76605	rs5768564	rs6008669	48754023	48762509
22	76607	76647	rs6007840	rs4503	48763054	48772793
22	76648	76652	rs8138593	rs12484906	48773268	48773781
22	76653	76695	rs125951	rs6008681	48774417	48787413
22	76696	76757	rs130787	rs130830	48788036	48809362
22	76758	76759	rs470043	rs2879246	48810073	48810119
22	76762	76763	rs16998984	rs4390855	48811068	48811095
22	76766	76790	rs62225526	rs17707481	48811852	48818021
22	76792	76857	rs17634299	rs6008699	48819241	48833923
22	76859	76866	rs78574224	rs9627347	48835424	48836042
22	76867	76892	rs11912267	rs9615888	48836167	48841057
22	76894	76943	rs9615889	rs5768644	48843119	48855545
22	76946	77127	rs5767159	rs55916104	48858480	48903064
22	77128	77129	rs4823789	rs4823790	48903245	48903278
22	77132	77241	rs4823792	rs133472	48904896	48930219
22	77243	77276	rs12484647	rs133469	48931593	48947110
22	77279	77304	rs133467	rs133451	48950529	48958088
22	77305	77334	rs133450	rs910580	48958196	48968790
22	77337	77354	rs191207490	rs77923502	48972117	48977724
22	77355	77367	rs572623854	rs186519870	48978045	48980631
22	77369	77372	rs62637221	rs62225929	48981384	48982019
22	77374	77510	rs34110151	rs79147928	48982238	49005909
22	77512	77517	rs55792338	rs59674167	49006221	49006457
22	77518	77522	rs28378151	rs28461435	49006523	49008433
22	77523	77548	rs28535443	rs28638257	49008788	49012094
22	77550	77552	rs28451651	rs28464561	49012111	49012316
22	77553	77554	rs28621643	rs28425540	49012662	49012868
22	77555	77594	rs28751576	rs5771719	49012994	49023153
22	77595	77692	rs910577	rs5771884	49024064	49046349
22	77693	77694	rs17764112	rs7284181	49046450	49046570
22	77696	77856	rs5771886	rs73175124	49047415	49061383
22	77857	77936	rs11204495	rs4925403	49061579	49070719
22	77938	77975	rs132216	rs132222	49071731	49077902
22	77976	77977	rs4925404	rs73175151	49078198	49078213
22	77980	78001	rs2337489	rs5771718	49078501	49082979
22	78003	78060	rs130110	rs910571	49083887	49090924
22	78061	78062	rs56303050	rs910572	49091103	49091230
22	78063	78073	rs910574	rs62225009	49091564	49092753
22	78074	78123	rs11204501	rs11204505	49092967	49098309
22	78125	78404	rs130134	rs11913782	49098570	49136313
22	78406	78445	rs9628476	rs131959	49137410	49145928
22	78446	78454	rs695689	rs131969	49146299	49151303
22	78455	78456	rs12627844	rs9617383	49151839	49151848
22	78457	78556	rs73177126	rs5771644	49152041	49174803
22	78557	78558	rs131025	rs9628488	49175009	49175091
22	78564	78565	rs78492	rs131028	49176977	49177588
22	78566	78595	rs80515	rs2157303	49178311	49185061
22	78598	78661	rs56122140	rs9617464	49187291	49201704
22	78666	78667	rs73425813	rs5771860	49202946	49203073
22	78668	78962	rs9628491	rs76518789	49203354	49251003
22	78964	79012	rs34297648	rs28427046	49252068	49261576
22	79015	79017	rs145176956	rs4076042	49262490	49262579
22	79019	79020	rs28451832	rs28416646	49263108	49263132
22	79021	79024	rs28716243	rs28614785	49263177	49263285
22	79025	79040	rs73889862	rs78277207	49263372	49267025
22	79041	79053	rs35957702	rs28475709	49267858	49270051
22	79054	79128	rs28726380	rs28706913	49270317	49292441
22	79132	79138	rs28618141	rs6009275	49293568	49294205
22	79139	79269	rs6009735	rs5769415	49294214	49316305
22	79271	79542	rs62225906	rs4239945	49317605	49356916
22	79544	79552	rs62221239	rs9628050	49357869	49358753
22	79553	79661	rs73181772	rs732274	49359028	49376986
22	79662	79680	rs742976	rs111067007	49377893	49381241
22	79683	79684	rs200238491	rs5770702	49386659	49387194
22	79685	79750	rs58585427	rs35906146	49387455	49403526
22	79751	79831	rs4823966	rs17178433	49404049	49416835
22	79832	79833	rs9616407	rs5769381	49416851	49417110
22	79834	79836	rs5769382	rs8143063	49417166	49417188
22	79838	79959	rs3950128	rs5769843	49418648	49438550
22	79962	79986	rs9627816	rs17766010	49438765	49446094
22	79987	79989	rs5769849	rs4823979	49446616	49447101
22	79991	79992	rs4823981	rs4823982	49448164	49448259
22	79993	80171	rs5769852	rs6009434	49448476	49480642
22	80172	80173	rs9616422	rs17825322	49480858	49481246
22	80174	80175	rs9616228	rs6009435	49481724	49481919
22	80176	80221	rs6009436	rs7285186	49482408	49493046
22	80223	80225	rs117465606	rs76094080	49493091	49493689
22	80227	80229	rs5769893	rs4823994	49494179	49495277
22	80230	80361	rs75040913	rs113154224	49495279	49523118
22	80362	80363	rs135242	rs135243	49523127	49523135
22	80364	80365	rs135246	rs5769920	49524136	49524168
22	80367	80417	rs4459824	rs11704143	49525175	49533411
22	80419	80608	rs111074003	rs73187525	49534225	49556238
22	80609	80611	rs8140282	rs4823919	49556463	49556646
22	80616	80617	rs4823922	rs71316518	49557555	49557727
22	80621	80815	rs5769439	rs11090937	49558857	49582703
22	80816	80821	rs753165	rs11704670	49582753	49583035
22	80822	80824	rs6009539	rs2003811	49583651	49583769
22	80825	80873	rs2008804	rs9616493	49583932	49591829
22	80876	80881	rs12628677	rs5769450	49592595	49592884
22	80882	81196	rs12628235	rs2157239	49593076	49654501
22	81197	81204	rs2187770	rs1996890	49654728	49657071
22	81208	81210	rs11090940	rs146366766	49658154	49658556
22	81211	81214	rs5769512	rs4988984	49658565	49658802
22	81218	81219	rs2858648	rs2688125	49659547	49659566
22	81222	81224	rs1970781	rs35340421	49659988	49660039
22	81226	81227	rs1880008	rs74556162	49661137	49661149
22	81229	81231	rs2858650	rs28642729	49661315	49661335
22	81232	81241	rs61710532	rs2858653	49662317	49662987
22	81242	81243	rs2858654	rs55727012	49663040	49663371
22	81244	81309	rs11704784	rs2858537	49664105	49676835
22	81310	81384	rs62220604	rs7286890	49677464	49686659
22	81385	81386	rs6009585	rs7287200	49686873	49686896
22	81387	81418	rs67682048	rs2858509	49687042	49689312
22	81420	81426	rs2688089	rs762927	49689619	49691300
22	81430	81475	rs762928	rs2019901	49693556	49700714
22	81478	81494	rs5769554	rs1403557	49702017	49705478
22	81496	81499	rs5016417	rs2858522	49706288	49706577
22	81500	81525	rs71316531	rs2858527	49707202	49716886
22	81526	81527	rs34825438	rs848769	49717223	49717345
22	81530	81645	rs12165860	rs35752026	49718320	49742097
22	81648	81654	rs2301409	rs9616577	49742422	49743306
22	81656	81658	rs848722	rs848720	49743613	49744077
22	81659	81687	rs9616297	rs848713	49744382	49749990
22	81689	81702	rs1001320	rs848711	49750528	49751512
22	81704	81705	rs73893246	rs9627707	49751902	49751908
22	81707	81832	rs9306530	rs5770340	49753114	49776908
22	81839	81947	rs743782	rs713919	49778214	49794052
22	81948	81950	rs713727	rs5770396	49794342	49794551
22	81952	82004	rs2105874	rs6009237	49795368	49799492
22	82005	82006	rs5770415	rs9628003	49799840	49800082
22	82007	82009	rs764245	rs136770	49800107	49800204
22	82012	82015	rs960966	rs136772	49800376	49800467
22	82017	82030	rs470069	rs62231860	49800943	49801770
22	82035	82134	rs5770417	rs73174874	49802594	49824381
22	82138	82232	rs6009251	rs9628020	49825918	49839228
22	82239	82261	rs8139967	rs4824042	49841412	49849024
22	82265	82285	rs5770453	rs1033372	49851019	49863849
22	82287	82324	rs8136911	rs6009727	49867931	49883458
22	82326	82425	rs9616653	rs7292351	49884597	49910517
22	82433	82493	rs470019	rs56139719	49911677	49927850
22	82496	82873	rs1807723	rs6009819	49928522	50080662
22	82874	82998	rs4823950	rs4824086	50081845	50108004
22	83002	83007	rs73437708	rs75649964	50110307	50112648
22	83009	83027	rs12171156	rs6009311	50113185	50118723
22	83033	83113	rs4824090	rs5770689	50120525	50158749
22	83114	83115	rs138807	rs138808	50158874	50158882
22	83117	83119	rs117052453	rs138810	50159372	50159948
22	83121	83653	rs61431587	rs28523661	50160217	50332324
22	83655	83670	rs77002698	rs28538803	50333130	50338212
22	83671	83700	rs77780899	rs113491012	50338226	50343999
22	83705	83708	rs62231870	rs56091001	50345556	50346042
22	83712	83713	rs28634968	rs28360566	50347850	50347927
22	83714	83721	rs28570255	rs28649122	50347996	50349644
22	83725	83757	rs28634677	rs73181194	50351338	50363889
22	83759	83967	rs36147371	rs137914	50414983	50489945
22	83971	84757	rs9628277	rs742185	50491441	50705059
22	84759	84764	rs36083586	rs35232755	50706381	50707541
22	84765	84768	rs13053253	rs909691	50708140	50709495
22	84769	84773	rs34778589	rs3761899	50709957	50710810
22	84775	84776	rs4838867	rs4838868	50711890	50711910
22	84777	84787	rs55893295	rs4838869	50712075	50713371
22	84788	84789	rs4838870	rs4838815	50713375	50713409
22	84790	84797	rs5771118	rs28637964	50714289	50715973
22	84798	84801	rs1127000	rs28418659	50716167	50717833
22	84802	84806	rs28611220	rs111925803	50718397	50719976
22	84807	84808	rs28442189	rs11547728	50720181	50720622
22	84810	84812	rs28404597	rs79966207	50721003	50722408
22	84813	84819	rs4076566	rs55709850	50723474	50724733
22	84820	84821	rs28366595	rs28513473	50725301	50725553
22	84822	84826	rs117439977	rs28415976	50726673	50730220
22	84827	84844	rs28412679	rs28607359	50730320	50737584
22	84848	84874	rs67710834	rs73891220	50742346	50752169
22	84875	84911	rs73439311	rs141476490	50753334	50771311
22	84912	85266	rs36172631	rs41280563	50771464	50906581
22	85267	85300	rs9616852	rs5771049	50906917	50919182
22	85303	85328	rs13055726	rs1055271	50922544	50928340
22	85329	85340	rs8140686	rs5771061	50928994	50932796
22	85342	85343	rs76350324	rs74765931	50933895	50933896
22	85347	85362	rs134970	rs78540291	50935082	50938771
22	85364	85366	rs7511557	rs8135083	50939304	50939714
22	85368	85381	rs59566208	rs743615	50940564	50944128
22	85382	85383	rs128941	rs74679952	50944163	50944381
22	85384	85385	rs131824	rs138952741	50945256	50945657
22	85387	85392	rs131822	rs77954081	50948310	50952730
22	85393	85396	rs470120	rs131817	50954635	50955538
22	85398	85399	rs131816	rs3091397	50957462	50957520
22	85401	85403	rs10854880	rs131815	50958392	50959608
22	85404	85422	rs131814	rs470119	50960101	50966914
22	85423	85446	rs361725	rs9616864	50971047	50976152
22	85449	85452	rs58304765	rs5770871	50977345	50978262
22	85453	85468	rs9616789	rs72619590	50978504	50982272
22	85469	85487	rs131781	rs558432431	50982457	50986476
22	85488	85491	rs5770886	rs131779	50987287	50988193
22	85492	85502	rs5770887	rs9306547	50988695	50993225
22	85503	85508	rs9306548	rs131770	50993420	50996681
22	85510	85536	rs140518	rs5770902	50999182	51004421
22	85538	85539	rs5770903	rs2334104	51005160	51006716
22	85540	85723	rs5770905	rs131715	51006988	51066921
22	85726	85754	rs131714	rs4040041	51068517	51078251
22	85755	85788	rs131707	rs10854884	51078620	51101899
22	85789	85804	rs6010044	rs62241528	51101938	51110920
22	85805	85903	rs71311698	rs73174419	51110925	51151684
22	85908	86094	rs77869422	rs370652263	51153595	51237712
