chr	start.index	end.index	start.rsID	end.rsID	start.bp	end.bp
21	2	45	rs71235073	rs529728238	9411500	9442545
21	48	49	rs556038829	rs372796018	9448237	9448874
21	54	56	rs368741731	rs370881841	9456045	9456326
21	61	67	rs576309716	rs558507375	9467086	9471670
21	71	77	rs527289652	rs549828007	9473373	9476405
21	83	85	rs553581438	rs534680183	9478024	9478027
21	86	87	rs189403754	rs562036486	9479686	9479702
21	90	92	rs538030587	rs191341576	9488971	9489417
21	95	98	rs148691174	rs373788636	9489527	9489703
21	99	105	rs147740501	rs374034966	9491375	9496408
21	106	107	rs373213682	rs377470064	9498191	9498193
21	115	116	rs143986423	rs376868439	9505908	9505960
21	120	121	rs562699513	rs531794488	9509987	9509988
21	122	123	rs79827568	rs77838989	9510482	9510483
21	126	131	rs372671008	rs371849072	9513829	9520088
21	134	145	rs373632895	rs367735759	9524016	9525506
21	146	148	rs374677003	rs78297484	9526736	9527456
21	152	164	rs373140425	rs368109465	9528972	9541294
21	170	172	rs370585618	rs558160975	9543982	9547190
21	174	175	rs375211784	rs566682711	9547445	9547523
21	176	177	rs71233187	rs376947473	9549009	9549012
21	179	180	rs536422311	rs556740018	9549614	9549615
21	186	187	rs370330570	rs375266867	9551883	9551884
21	188	189	rs189168059	rs181888158	9552124	9552125
21	197	200	rs565612934	rs537289404	9560741	9561133
21	201	238	rs372092719	rs374831991	9563747	9589457
21	239	247	rs371146918	rs76242579	9589584	9593527
21	252	353	rs78008576	rs377433472	9646689	9701982
21	354	355	rs369796797	rs373503802	9702262	9702265
21	356	357	rs372287485	rs576379466	9702345	9702346
21	361	362	rs545047818	rs371260138	9703754	9704093
21	365	366	rs374591161	rs375850303	9716835	9716855
21	367	375	rs78077287	rs376073966	9723296	9727504
21	376	377	rs373653911	rs151229293	9727818	9728198
21	378	383	rs567892464	rs567406402	9730087	9738657
21	391	392	rs372595965	rs368183483	9768697	9768747
21	396	586	rs563875271	rs7692199	9825838	9908330
21	590	591	rs139676214	rs185468887	9910295	9910296
21	592	758	rs563562962	rs188114828	9910445	9960291
21	761	768	rs375256467	rs4361469	9966843	9972611
21	772	773	rs373405162	rs368323051	9978423	9978998
21	775	776	rs550923796	rs373994453	9983144	9983438
21	778	779	rs564612246	rs533350188	9987288	9987289
21	780	783	rs148394252	rs369348028	9987306	9987651
21	786	787	rs369766960	rs578126149	9988907	9988933
21	791	793	rs368522818	rs187321629	9994652	9996814
21	796	797	rs76965493	rs79314769	9997138	9997143
21	798	799	rs377366724	rs555291198	9997502	9997503
21	805	807	rs367836294	rs367828675	9998965	10003018
21	810	815	rs371739540	rs373006350	10009196	10014572
21	819	820	rs536352381	rs376913474	10024147	10024338
21	821	824	rs369761112	rs370220027	10024476	10031728
21	826	833	rs373726865	rs558272230	10085418	10087068
21	835	838	rs372753141	rs376166087	10092931	10101514
21	844	848	rs71255477	rs573941384	10141336	10141535
21	853	857	rs372956246	rs376232428	10169886	10187293
21	860	861	rs374403603	rs557740289	10200902	10200903
21	864	873	rs547078259	rs368939251	10205434	10210279
21	874	876	rs527858118	rs368117819	10370644	10374201
21	879	916	rs2948877	rs4117812	10402435	10460657
21	917	919	rs78386124	rs71277675	10461007	10467596
21	920	932	rs3926093	rs71243756	10469883	10511714
21	933	975	rs74473132	rs71229866	10512030	10591074
21	981	1012	rs76839037	rs78204587	10598696	10642010
21	1020	2123	rs112954616	rs1807615	10698707	11186346
21	2130	2242	rs11088639	rs62218452	14342610	14446750
21	2247	2252	rs183393315	rs565828827	14471072	14492614
21	2254	2262	rs4577363	rs62213155	14505577	14534993
21	2263	2265	rs192336761	rs79617902	14572813	14578418
21	2266	2996	rs527535255	rs9647206	14579433	14956938
21	2997	3001	rs6517857	rs1159645	14957211	14960596
21	3004	3006	rs560762106	rs2257293	14967275	14969486
21	3007	3009	rs62215517	rs8129555	14969857	14976092
21	3010	3045	rs6517866	rs7280427	14976249	15024549
21	3046	3050	rs77831682	rs80339262	15026754	15026816
21	3051	3059	rs112144409	rs62211859	15026830	15027835
21	3066	3068	rs71215248	rs56034639	15126977	15136191
21	3070	3083	rs2822080	rs117212750	15153041	15155657
21	3084	3090	rs62208755	rs743067	15164647	15170179
21	3091	3093	rs115870355	rs114956511	15170635	15181318
21	3094	3095	rs114068648	rs142244738	15182288	15184741
21	3098	3102	rs114870571	rs116627156	15186550	15199246
21	3103	3104	rs115299983	rs78142328	15199811	15199847
21	3106	3107	rs116014731	rs115360399	15199899	15200175
21	3108	3110	rs142731963	rs67792948	15200371	15200378
21	3111	3227	rs8131963	rs9636698	15200556	15223852
21	3230	3238	rs2150361	rs9984677	15226859	15229851
21	3239	3247	rs60375548	rs4818647	15230887	15231271
21	3250	3441	rs113479360	rs139558190	15231858	15261851
21	3442	3448	rs2481837	rs62210797	15262126	15264957
21	3450	3531	rs11088913	rs2822232	15266036	15278807
21	3533	3881	rs381041	rs384202	15279270	15342572
21	3884	3885	rs142131373	rs11911060	15345149	15345152
21	3888	3889	rs34001762	rs36025601	15345311	15345317
21	3891	3893	rs442144	rs145725077	15346198	15347096
21	3894	4040	rs78467061	rs1297104	15347604	15386482
21	4043	4045	rs11701277	rs183117026	15386826	15386876
21	4046	4048	rs548172553	rs2896649	15387047	15387106
21	4054	4312	rs2262020	rs62209932	15388129	15450190
21	4313	4316	rs62209933	rs2155967	15450723	15451958
21	4317	4321	rs11700863	rs35823367	15452351	15452853
21	4322	4326	rs4453762	rs3958169	15452911	15453066
21	4328	4662	rs73149893	rs11700849	15453479	15512464
21	4663	4897	rs7276941	rs448172	15512790	15586680
21	4900	5632	rs79898733	rs62228743	15588798	15703987
21	5633	5653	rs145665488	rs2822578	15704015	15706331
21	5654	5658	rs8130225	rs74721935	15707070	15708098
21	5661	5663	rs2822581	rs2822582	15709336	15709614
21	5664	5732	rs2822583	rs2822616	15709658	15722284
21	5735	5743	rs201983607	rs73157759	15724334	15726155
21	5746	5919	rs2822620	rs62229721	15728574	15809824
21	5920	5978	rs6516777	rs9305343	15812603	15841092
21	5980	5982	rs73171335	rs2822674	15842224	15842270
21	5985	6009	rs1006899	rs80156388	15845052	15855466
21	6011	6013	rs2822693	rs62227162	15856974	15857097
21	6015	6031	rs12626593	rs415503	15857846	15863523
21	6036	6042	rs116136	rs1735230	15865123	15868238
21	6043	6143	rs2822706	rs2822753	15869489	15902978
21	6146	6147	rs2822755	rs2822756	15908375	15908642
21	6148	6263	rs1980953	rs3930263	15909028	15949933
21	6266	6284	rs4817266	rs394523	15951414	15958600
21	6285	6286	rs7281036	rs73348050	15959372	15959409
21	6288	6289	rs419430	rs410429	15960048	15960091
21	6290	6313	rs56010646	rs467140	15960224	15965927
21	6314	6315	rs460852	rs461178	15966421	15967973
21	6316	6367	rs465122	rs462450	15968336	16005130
21	6368	6479	rs376583	rs1810865	16005774	16049200
21	6480	6481	rs402425	rs398972	16050370	16050452
21	6483	6509	rs2822828	rs4102495	16050920	16057171
21	6512	6521	rs988831	rs960479	16057936	16060592
21	6523	6524	rs467116	rs466702	16062725	16063389
21	6526	6689	rs2403801	rs467364	16064068	16091904
21	6690	6830	rs2246699	rs2822906	16092214	16134783
21	6832	6833	rs2244991	rs2403806	16136170	16136181
21	6834	6835	rs11702007	rs11702010	16137182	16137222
21	6836	6852	rs11088152	rs8129531	16137236	16139324
21	6857	6858	rs7280295	rs2822917	16140532	16140534
21	6859	6860	rs9984409	rs4490276	16140831	16140918
21	6864	7068	rs13052551	rs55722833	16142450	16214544
21	7072	7073	rs79694962	rs8131259	16216345	16216399
21	7074	7108	rs75418177	rs2142455	16217227	16240210
21	7111	7113	rs2822965	rs77753562	16241868	16242104
21	7114	7150	rs35007911	rs909389	16242551	16255960
21	7152	7211	rs74201856	rs2776036	16257288	16315838
21	7212	7223	rs2776037	rs2776040	16317933	16325988
21	7224	7249	rs2251643	rs13050325	16327357	16343812
21	7250	7256	rs3787576	rs2736089	16344187	16347460
21	7257	7394	rs909385	rs9982976	16349257	16435223
21	7396	7397	rs13049809	rs2223043	16438779	16438793
21	7398	7435	rs8132765	rs2243778	16439646	16450918
21	7437	7438	rs975336	rs975337	16451845	16451854
21	7439	7444	rs996687	rs2823038	16452352	16454335
21	7445	7446	rs13046518	rs2244221	16454757	16455128
21	7449	7451	rs28705126	rs2823039	16455772	16456234
21	7452	7491	rs2823040	rs73174573	16457358	16480307
21	7492	7493	rs55666326	rs57567605	16480432	16480729
21	7494	7495	rs4817650	rs2823060	16480898	16481431
21	7496	7509	rs2823061	rs2823067	16481665	16486947
21	7513	7515	rs2026851	rs2823070	16488347	16488615
21	7516	7544	rs2026852	rs9981005	16488686	16511032
21	7545	7546	rs2823083	rs2403880	16511398	16512155
21	7547	7570	rs926164	rs2254223	16513247	16520901
21	7571	7572	rs2896680	rs2256038	16520935	16521176
21	7573	7769	rs9979508	rs13052858	16521617	16600859
21	7771	7833	rs396032	rs9305574	16601839	16641226
21	7834	7863	rs8128542	rs2823206	16644197	16661170
21	7864	7925	rs79853253	rs2150371	16662683	16689184
21	7927	7936	rs4817800	rs9984391	16689605	16694062
21	7937	7938	rs12482597	rs12482629	16695327	16695456
21	7940	8004	rs28478640	rs1631289	16696415	16776279
21	8005	8006	rs2823253	rs62218374	16781136	16782627
21	8008	8071	rs2823254	rs17209200	16783083	16802554
21	8072	8147	rs1736013	rs34838968	16804330	16840049
21	8148	8150	rs2823289	rs2823290	16841195	16841303
21	8152	8174	rs12627419	rs2823308	16843157	16867607
21	8178	8241	rs2776049	rs1033	16870438	16895284
21	8242	8243	rs2823325	rs4816600	16898309	16898318
21	8244	8421	rs2823326	rs7281601	16898630	16943758
21	8423	8424	rs11701557	rs13046619	16946241	16946342
21	8425	8426	rs13046167	rs13046179	16946634	16946652
21	8427	8559	rs58861041	rs2206671	16946881	17010296
21	8560	8561	rs2823411	rs2205582	17010552	17010779
21	8562	8564	rs2242858	rs2242859	17011285	17011441
21	8566	8567	rs12329849	rs9977149	17012801	17014200
21	8569	8658	rs4613369	rs2242675	17015646	17061404
21	8660	8671	rs2823452	rs57737796	17063570	17077482
21	8672	8967	rs28366797	rs392203	17077701	17297360
21	8968	8972	rs113203054	rs409901	17298914	17305510
21	8973	8974	rs117988969	rs9983647	17308629	17309423
21	8977	9044	rs117088041	rs9984374	17310075	17342370
21	9047	9050	rs1474889	rs727131	17344974	17348049
21	9051	9227	rs79211776	rs7281157	17348264	17409410
21	9228	9238	rs76244370	rs4818251	17410052	17414504
21	9239	9257	rs8132376	rs7276315	17416393	17426135
21	9258	9268	rs2823587	rs9982603	17426178	17434266
21	9270	9280	rs1023125	rs2823596	17435462	17443017
21	9282	9336	rs2823597	rs995078	17447372	17511329
21	9342	9345	rs549340488	rs2823620	17523306	17527197
21	9346	9395	rs369382585	rs78908469	17527267	17552708
21	9397	9405	rs239040	rs2823629	17556198	17558705
21	9408	9414	rs2823630	rs2823634	17560799	17564710
21	9417	9418	rs238961	rs2823636	17570360	17570649
21	9419	9423	rs6517693	rs9982228	17572240	17576018
21	9424	9570	rs11088577	rs2823731	17576112	17644444
21	9571	9574	rs238967	rs13048738	17647456	17651306
21	9575	9577	rs239048	rs12482977	17654125	17655042
21	9578	9610	rs28483187	rs151555	17657556	17668532
21	9614	9615	rs1449516	rs12482515	17670775	17671714
21	9617	9623	rs11702699	rs114756543	17673233	17676254
21	9629	9632	rs1389076	rs239070	17692207	17693951
21	9636	9638	rs151579	rs79044741	17707722	17713124
21	9639	9641	rs79755409	rs722160	17720734	17723191
21	9642	9644	rs376000106	rs184550207	17725600	17725610
21	9646	9650	rs240496	rs2849869	17727022	17729193
21	9652	9658	rs429601	rs9974512	17732985	17737363
21	9660	9702	rs427761	rs9979218	17743053	17750912
21	9704	9783	rs240462	rs62216390	17752828	17774222
21	9784	9785	rs430570	rs427377	17774438	17774439
21	9790	9965	rs1900938	rs2039241	17775056	17828046
21	9975	9978	rs17276117	rs17210183	17905657	17917427
21	9980	9983	rs11702768	rs79866369	17930405	17931627
21	9984	10007	rs2000626	rs2823895	17933851	17953516
21	10011	10012	rs75732738	rs78957100	17980779	17983240
21	10013	10038	rs189358102	rs2211985	17989026	18001708
21	10042	10043	rs9978888	rs9979263	18002476	18002498
21	10046	10047	rs2823919	rs4239814	18003257	18003265
21	10048	10200	rs6517705	rs975529	18003512	18049308
21	10201	10202	rs8130313	rs8134596	18049394	18049519
21	10205	10206	rs2823968	rs7279289;rs557619502	18050085	18050165
21	10207	10208	rs2823969	rs2823971	18050284	18050343
21	10210	10211	rs11701434	rs34558736	18051260	18052483
21	10214	10215	rs2823973	rs2823974	18055803	18055900
21	10216	10282	rs2823975	rs2824005	18056162	18095063
21	10285	10376	rs9981648	rs8126994	18097471	18135728
21	10379	10381	rs8133379	rs8129058	18137084	18137246
21	10382	10526	rs34845603	rs2824095	18137298	18220451
21	10529	10628	rs2150377	rs62222303	18222860	18270243
21	10631	10662	rs388991	rs2824118	18271072	18284531
21	10663	10666	rs2824119	rs2824122	18285057	18285474
21	10667	10935	rs34419588	rs62224064	18286771	18370535
21	10936	10939	rs2205428	rs62224065	18370713	18371319
21	10942	11046	rs8129957	rs8130812	18373340	18414775
21	11047	11190	rs56274896	rs2824226	18415348	18457828
21	11194	11710	rs73200834	rs56317460	18461180	18629280
21	11711	11717	rs859172	rs17276794	18629416	18632643
21	11718	11724	rs1501813	rs17210850	18632671	18637686
21	11727	11955	rs2824272	rs62242885	18639818	18707613
21	11957	12009	rs2824277	rs980142	18709453	18731623
21	12010	12013	rs9979850	rs206998	18731997	18733317
21	12016	12019	rs207001	rs2051352	18734220	18734307
21	12020	12106	rs2051354	rs1784874	18734993	18765601
21	12109	12178	rs9974114	rs7275661	18767799	18795944
21	12179	12205	rs7281222	rs208932	18796603	18801614
21	12206	12209	rs35905084	rs208935	18801853	18801931
21	12210	12211	rs7281024	rs7364035	18802041	18802144
21	12213	12216	rs733951	rs35739539	18802848	18803733
21	12217	12251	rs80311232	rs8126676	18804633	18816332
21	12252	12261	rs9978504	rs2824306	18817058	18820248
21	12263	12265	rs62242694	rs2824311	18822129	18822262
21	12268	12274	rs112650045	rs2824312	18823024	18824403
21	12275	12276	rs13048015	rs13051669	18824783	18824785
21	12279	12286	rs2824313	rs2824317	18825200	18830252
21	12287	12308	rs2824318	rs2824323	18830470	18835791
21	12309	12329	rs9979358	rs77051774	18836059	18843591
21	12331	12353	rs7281139	rs2824328	18847756	18856054
21	12354	12421	rs28451291	rs73199446	18857120	18878932
21	12422	12458	rs62239862	rs62239877	18879557	18903657
21	12459	12460	rs34922462	rs211972	18903756	18904501
21	12461	12602	rs2251818	rs211961	18904792	18951018
21	12604	12609	rs211962	rs78148118	18951922	18955693
21	12610	12642	rs28490905	rs9974720	18956508	18982629
21	12643	12728	rs75509652	rs4818365	18986062	19034911
21	12729	12732	rs719500	rs35963263	19036144	19039131
21	12736	12737	rs2824431	rs2824432	19040421	19041179
21	12739	12767	rs4816762	rs62241783	19042024	19051327
21	12769	12771	rs56183129	rs8133835	19053458	19053958
21	12772	12933	rs13046413	rs34400192	19054460	19094681
21	12934	12935	rs11700713	rs62212914	19095382	19097206
21	12936	12944	rs2101523	rs2824462	19097889	19102385
21	12945	12977	rs2032289	rs243578	19105345	19131877
21	12978	12979	rs243579	rs11701256	19132614	19132932
21	12981	12992	rs78958927	rs1686639	19134195	19138537
21	12993	13008	rs149974548	rs9975524	19138578	19145954
21	13010	13017	rs6517789	rs243584	19148545	19151566
21	13019	13088	rs243586	rs59741394	19153541	19194700
21	13091	13215	rs243558	rs17768396	19196132	19253526
21	13216	13237	rs243612	rs1573440	19254702	19275494
21	13239	13360	rs2824540	rs200805	19278614	19337168
21	13361	13395	rs175563	rs73194508	19337187	19347767
21	13396	13529	rs13052498	rs284829	19348080	19398382
21	13530	13546	rs285923	rs2560725	19399271	19404054
21	13547	13566	rs2824606	rs157744	19404173	19414720
21	13568	13583	rs158041	rs149510	19415652	19428530
21	13584	13594	rs2824621	rs207796	19428541	19431995
21	13596	13704	rs169610	rs1491767	19432279	19472425
21	13705	13728	rs1119296	rs2205308	19473670	19479888
21	13731	13736	rs9305840	rs1491784	19481213	19481664
21	13737	13770	rs1491783	rs2255835	19481895	19491664
21	13775	13817	rs73198579	rs73200975	19493692	19505284
21	13819	13893	rs2824645	rs77039766	19506579	19529480
21	13896	13897	rs34462585	rs34805703	19530283	19530925
21	13900	13948	rs11702737	rs2178915	19531882	19548232
21	13950	13954	rs2824681	rs8127764	19550198	19550782
21	13955	13956	rs2824684	rs9975746	19551284	19551337
21	13959	13980	rs78711553	rs2824694	19551756	19558861
21	13983	14000	rs9647200	rs73316218	19560688	19564793
21	14006	14010	rs4635606	rs61572693	19567725	19569149
21	14011	14085	rs8134103	rs9984040	19569713	19602578
21	14086	14122	rs73204828	rs112538589	19603355	19618043
21	14123	14217	rs2406172	rs1023127	19619843	19655051
21	14218	14228	rs13052044	rs78129836	19655756	19658645
21	14231	14358	rs73208544	rs2406174	19659244	19686578
21	14363	14365	rs76487230	rs60764030	19687783	19687806
21	14368	14369	rs57837813	rs9977229	19688786	19689010
21	14370	14440	rs2824733	rs13050848	19689082	19712441
21	14441	14442	rs4452233	rs55929900	19713055	19713491
21	14444	14482	rs2824752	rs1475893	19714125	19722191
21	14490	14556	rs78407761	rs4482570	19723742	19762408
21	14558	14591	rs2897386	rs2210231	19763854	19781891
21	14593	14595	rs2824811	rs73196483	19783744	19784054
21	14596	14698	rs2300514	rs111487354	19784725	19817168
21	14699	14708	rs59548022	rs6517815	19817393	19819016
21	14709	14711	rs13046294	rs4818412	19819884	19820213
21	14713	14890	rs2824838	rs1740178	19824426	19893998
21	14893	14895	rs1740179	rs2824905	19899801	19903166
21	14896	14944	rs2824906	rs1630912	19907532	19924896
21	14947	14961	rs56301520	rs2210230	19925922	19928033
21	14962	14965	rs2142419	rs2406338	19928069	19929628
21	14966	14967	rs2205485	rs2205486	19930102	19930109
21	14970	15158	rs2205488	rs2824980	19930994	20034141
21	15159	15502	rs9974701	rs138196092	20034232	20120559
21	15503	15509	rs9979975	rs2825069	20120822	20122453
21	15511	15565	rs9980561	rs8128604	20123283	20128840
21	15566	15567	rs8129956	rs8133372	20129116	20129136
21	15569	15572	rs8129241	rs149710662	20129328	20129557
21	15573	15576	rs8134564	rs11700558	20129929	20130488
21	15577	15627	rs11911409	rs2032295	20130763	20144400
21	15628	15631	rs2032296	rs2226762	20144540	20144986
21	15632	15699	rs2212786	rs2032291	20145149	20161812
21	15701	15702	rs112881005	rs530781400	20162661	20162732
21	15703	15704	rs9305880	rs4271845	20163782	20164265
21	15705	15790	rs2825122	rs2825174	20164711	20198061
21	15791	15796	rs2825175	rs8131867	20199390	20199824
21	15797	15804	rs1159082	rs17177331	20199970	20200836
21	15805	15808	rs2032292	rs201092491	20201119	20201941
21	15812	15813	rs57868908	rs2825180	20202221	20202332
21	15814	16119	rs2825182	rs73317351	20202405	20250010
21	16121	16122	rs67837347	rs2406611	20250497	20250516
21	16124	16172	rs8132870	rs371802	20251028	20279767
21	16173	16174	rs449045	rs2825226	20280260	20282174
21	16177	16314	rs1074352	rs113739626	20284516	20319205
21	16316	16319	rs461427	rs461411	20320162	20320201
21	16320	16323	rs462299	rs2825232	20320683	20324954
21	16324	16328	rs457868	rs75222709	20324976	20327427
21	16330	16431	rs465237	rs4487175	20329213	20359181
21	16433	16434	rs73200615	rs73200616	20359690	20359880
21	16436	16589	rs13047206	rs2825295	20360139	20404237
21	16590	16591	rs2825296	rs2825297	20404917	20405222
21	16592	16593	rs2825298	rs11088714	20406410	20406412
21	16595	16599	rs7276718	rs2056889	20407289	20407621
21	16600	16601	rs2825303	rs9978965	20407698	20407792
21	16607	16681	rs9976763	rs9976301	20408978	20428912
21	16684	16849	rs28420111	rs8133833	20429942	20465721
21	16851	17460	rs4818435	rs73210833	20466646	20688758
21	17461	17490	rs9979992	rs1961443	20689174	20702284
21	17491	17492	rs856172	rs60812292	20702296	20702474
21	17496	17536	rs856170	rs2825531	20703624	20722633
21	17539	17734	rs856164	rs1807978	20724483	20832809
21	17735	17775	rs9976895	rs6517874	20833924	20853276
21	17776	17778	rs2026864	rs2212872	20853321	20853932
21	17779	17784	rs1387620	rs4818452	20854026	20856221
21	17785	17935	rs2825605	rs128365	20856225	20912022
21	17936	17938	rs2825630	rs76480984	20913270	20916438
21	17939	18075	rs11700582	rs9980430	20916592	20960354
21	18076	18077	rs73318470	rs9984336	20960463	20960969
21	18078	18080	rs9984032	rs9305917	20961202	20961463
21	18084	18245	rs12329715	rs62210649	20962397	21021968
21	18246	18247	rs62210650	rs2825710	21022168	21022840
21	18248	18249	rs2825712	rs67323813	21023654	21023774
21	18253	18278	rs35263974	rs17788227	21024816	21035987
21	18279	18281	rs12483441	rs10854436	21037175	21037944
21	18283	18344	rs2226394	rs7281319	21039528	21057031
21	18346	18353	rs62211692	rs2263472	21057339	21058487
21	18354	18388	rs2825746	rs177926	21058597	21069278
21	18389	18798	rs2246269	rs2825857	21070200	21206794
21	18799	18800	rs62224374	rs12172913	21207935	21208597
21	18801	18930	rs9980782	rs34515283	21212232	21272051
21	18932	18933	rs62222013	rs2298512	21272630	21272834
21	18935	19203	rs2298513	rs113004809	21272911	21386906
21	19204	19206	rs180743148	rs56849203	21387007	21387930
21	19207	19226	rs55654778	rs4818521	21388151	21395128
21	19227	19271	rs2825957	rs2825975	21395574	21426525
21	19273	19274	rs2825977	rs4358213	21426885	21426893
21	19275	19648	rs12106459	rs62221275	21428478	21625899
21	19649	19673	rs13050033	rs62221278	21627030	21642767
21	19674	19680	rs2826119	rs9984539	21643854	21645593
21	19681	19682	rs200284857	rs111549581	21646881	21646916
21	19684	19685	rs73211434	rs9976645	21647395	21647972
21	19686	19931	rs77320272	rs965902	21647987	21720145
21	19934	20050	rs1487938	rs11701736	21723458	21759439
21	20053	20054	rs11909867	rs2826221	21761308	21761586
21	20056	20084	rs2826222	rs13049466	21762443	21774440
21	20086	20093	rs56266754	rs10211917	21775676	21777998
21	20094	20095	rs11088802	rs12482121	21778558	21778576
21	20096	20138	rs12483617	rs7279335	21779005	21799765
21	20139	20140	rs2826250	rs9647215	21800298	21800698
21	20141	20153	rs2826251	rs28571658	21800805	21804781
21	20158	20249	rs1786356	rs57698868	21806268	21815948
21	20252	20254	rs1786352	rs2826254	21816407	21816578
21	20255	20274	rs1735886	rs1735884	21816786	21820408
21	20275	20760	rs1618905	rs73222760	21820722	21881151
21	20762	20777	rs747803	rs928859	21881499	21886218
21	20778	20839	rs2826342	rs2826356	21889120	21907376
21	20840	20842	rs2826357	rs2212668	21907394	21907452
21	20843	20907	rs2826358	rs146169524	21907521	21920105
21	20909	20922	rs2826380	rs8129945	21920607	21924571
21	20924	20926	rs2826387	rs2826389	21925873	21926377
21	20927	20928	rs2826390	rs2826391	21927356	21927617
21	20929	21025	rs2826392	rs8134729	21928007	21974862
21	21026	21041	rs76321333	rs12627533	21975834	21982312
21	21044	21058	rs229386	rs58124	21983892	21990855
21	21060	21061	rs1351599	rs1351600	21991832	21991885
21	21064	21094	rs229440	rs2178989	22008568	22022585
21	21097	21309	rs2826414	rs76210804	22024591	22068445
21	21310	21316	rs76362451	rs114369789	22068451	22072161
21	21318	21319	rs8127915	rs8129001	22073572	22073607
21	21321	21322	rs74961085	rs12481776	22073764	22073809
21	21325	21328	rs59217282	rs229367	22074639	22076519
21	21330	21350	rs229368	rs67043827	22078117	22083223
21	21351	21354	rs9978233	rs34867636	22084094	22084426
21	21356	21665	rs80259181	rs6518002	22084881	22163584
21	21667	21688	rs57490515	rs8126602	22165612	22179707
21	21690	21695	rs11910376	rs1999294	22181904	22184972
21	21696	21720	rs2826527	rs13048599	22186040	22189408
21	21721	21739	rs7276507	rs4816836	22189499	22196256
21	21741	21742	rs2008110	rs1987957	22199167	22199356
21	21746	21851	rs2826547	rs7510312	22201761	22257478
21	21852	21888	rs2826593	rs2826600	22257999	22270748
21	21891	21902	rs73222671	rs8134091	22272140	22278974
21	21903	22008	rs9305989	rs2826622	22279071	22334139
21	22009	22019	rs2826623	rs77491998	22334298	22340108
21	22020	22148	rs1735375	rs35404160	22340573	22368184
21	22150	22151	rs6518017	rs7510552	22371166	22371589
21	22154	22230	rs8184921	rs73230128	22372723	22401211
21	22231	22234	rs7279850	rs6417709	22401554	22402126
21	22235	22239	rs6417710	rs7279633	22402190	22402482
21	22240	22256	rs9978463	rs8132593	22402882	22404971
21	22257	22332	rs9305993	rs73220209	22405246	22432713
21	22334	22338	rs7510157	rs6518063	22432987	22433305
21	22339	22418	rs7276135	rs62207599	22433829	22452678
21	22423	22500	rs7279470	rs2826658	22454137	22483336
21	22501	22503	rs8131385	rs17003810	22483561	22483779
21	22504	22532	rs2251296	rs9975924	22486574	22498773
21	22533	22534	rs13052437	rs1015074	22499765	22499905
21	22535	22538	rs115090797	rs2826666	22500564	22501716
21	22540	22621	rs2826667	rs55736712	22502404	22525343
21	22624	22625	rs2826713	rs13052286	22529691	22529735
21	22626	22721	rs66562752	rs62209215	22530867	22633118
21	22722	22723	rs9941854	rs7281836	22635058	22635097
21	22725	23208	rs7278909	rs232414	22635630	22814309
21	23209	23350	rs55723640	rs115566001	22814683	22864374
21	23353	23405	rs4818620	rs201900912	22865228	22883075
21	23406	23409	rs233783	rs233786	22883278	22883404
21	23411	23445	rs233787	rs13049184	22883908	22896615
21	23447	23456	rs9982051	rs9974771	22897696	22900757
21	23457	23887	rs73328817	rs76781326	22901119	23031179
21	23889	23898	rs4283509	rs9306022	23031423	23039758
21	23899	24274	rs62216177	rs9984289	23039936	23166100
21	24275	24667	rs2827040	rs7283644	23167342	23271733
21	24669	24684	rs59084687	rs12626350	23271975	23275528
21	24685	24686	rs55700955	rs56041338	23275634	23275681
21	24689	24690	rs181194829	rs142062442	23276038	23276046
21	24692	24771	rs76121513	rs9306040	23276961	23299786
21	24773	24821	rs9974691	rs8128017	23301913	23321717
21	24826	24947	rs7282826	rs7364072	23324584	23362674
21	24948	24973	rs9974919	rs6518128	23363841	23372112
21	24977	25074	rs1892780	rs28504089	23392840	23501565
21	25080	25195	rs11909620	rs2096729	23507055	23570636
21	25197	25203	rs2827274	rs2827278	23572311	23574919
21	25204	25320	rs13050731	rs2827312	23575009	23631676
21	25322	25377	rs2827313	rs17004151	23633248	23649847
21	25380	25694	rs62210139	rs73216296	23651311	23741954
21	25696	25701	rs34243864	rs11700924	23744225	23747445
21	25702	25703	rs8128244	rs2226538	23747453	23750006
21	25704	25836	rs9983118	rs8129556	23750408	23781583
21	25837	25838	rs67592550	rs2827496	23781640	23781920
21	25839	25841	rs2827497	rs6518152	23782708	23782852
21	25842	25844	rs2827499	rs11910825	23782992	23783170
21	25846	25956	rs2155604	rs2827530	23783680	23821734
21	25957	25988	rs2155605	rs9984945	23822004	23833180
21	25989	26008	rs13051767	rs62210438	23835835	23844415
21	26009	26010	rs7278532	rs7282527	23845452	23845802
21	26012	26066	rs73223911	rs9981924	23845968	23880316
21	26068	26277	rs8127813	rs13051666	23881484	23950544
21	26280	26351	rs2039258	rs9977079	23951925	23984025
21	26354	26397	rs9977882	rs1849583	23986788	24006766
21	26399	26476	rs1849581	rs4818699	24007902	24053905
21	26479	26650	rs11909431	rs8130352	24056148	24168856
21	26654	26722	rs2827711	rs9980235	24173256	24190644
21	26723	26811	rs62209366	rs60295168	24191096	24206918
21	26812	26820	rs59250094	rs62209401	24206929	24209494
21	26825	26827	rs1118467	rs1074929	24215850	24216047
21	26829	26903	rs1118468	rs61379553	24216325	24279072
21	26905	27294	rs244147	rs62209963	24281435	24436556
21	27295	27296	rs9974045	rs592929	24436562	24436730
21	27298	27414	rs13047424	rs7281508	24437065	24476081
21	27415	27416	rs13052820	rs9680493	24476515	24476766
21	27417	27418	rs9984653	rs9984914	24476941	24476998
21	27419	27453	rs112537280	rs198084	24477223	24488182
21	27455	27889	rs73330109	rs1380324	24489032	24628113
21	27890	27891	rs2827997	rs13047879	24628693	24628741
21	27893	27894	rs2226715	rs2827998	24629064	24629156
21	27895	27976	rs34009043	rs7280941	24629199	24663898
21	27980	28108	rs17652012	rs2828061	24665299	24695405
21	28113	28174	rs2828066	rs12483180	24696665	24720653
21	28175	28293	rs2828082	rs60488573	24721563	24761322
21	28294	28296	rs915618	rs915617	24762612	24762671
21	28298	28419	rs11910455	rs67111963	24763852	24795249
21	28420	28501	rs2174337	rs2828147	24795540	24810196
21	28502	28505	rs2828148	rs200707	24810388	24810588
21	28506	28508	rs200708	rs1614782	24810659	24810710
21	28510	28622	rs200709	rs62208194	24810759	24831322
21	28625	29370	rs1783261	rs1514416	24832028	25052229
21	29372	29373	rs72631997	rs72631998	25052753	25052758
21	29374	29376	rs62220361	rs2828422	25053233	25053918
21	29377	29432	rs2828423	rs76961115	25055671	25090174
21	29433	29435	rs1514409	rs1514408	25091667	25091717
21	29437	29490	rs2828455	rs2828480	25092482	25105989
21	29497	29677	rs7282123	rs7275474	25107581	25147071
21	29678	29764	rs13048422	rs146514441	25147858	25179298
21	29765	29859	rs78012486	rs34587491	25179678	25219939
21	29863	29949	rs207542	rs79842368	25220667	25245201
21	29951	30027	rs9980644	rs9974962	25247908	25302900
21	30029	30036	rs8132822	rs2828636	25304662	25307858
21	30037	30087	rs2408822	rs2828653	25310357	25330218
21	30088	30093	rs7282531	rs75165432	25331326	25333463
21	30098	30108	rs8131192	rs13050039	25334438	25337017
21	30110	30128	rs4816924	rs7276805	25338333	25342662
21	30129	30932	rs9985170	rs1783361	25342766	25498243
21	30934	30959	rs76523653	rs1783365	25498682	25503613
21	30960	30969	rs1783366	rs1783372	25503676	25505164
21	30970	30971	rs11087905	rs77737289	25505329	25505625
21	30972	30973	rs2828848	rs1699627	25506358	25506453
21	30975	30977	rs1699629	rs1783373	25506504	25506784
21	30978	31201	rs2408838	rs2134874	25507168	25585640
21	31205	31627	rs73140925	rs2829044	25587344	25778729
21	31628	31630	rs2829045	rs2257678	25779132	25780193
21	31631	31695	rs2257689	rs2829078	25780751	25807198
21	31696	31697	rs4816958	rs2829079	25808101	25808194
21	31698	32049	rs76464759	rs2408970	25808751	25899581
21	32050	32051	rs1543760	rs1543761	25900251	25900292
21	32052	32053	rs1475862	rs2829154	25900645	25900746
21	32057	32175	rs1024293	rs73143642	25901768	25939412
21	32180	32238	rs728068	rs2829186	25941913	25962522
21	32241	32377	rs2408976	rs2829213	25963843	26013570
21	32378	32388	rs35672451	rs12483609	26013858	26018723
21	32389	32412	rs2829217	rs2829232	26019129	26026296
21	32413	32481	rs6516627	rs2250627	26027339	26058246
21	32482	32559	rs2829257	rs2187292	26058659	26089115
21	32561	32724	rs2829292	rs78103738	26090466	26139764
21	32726	32840	rs9636763	rs2829395	26140058	26178452
21	32841	32847	rs2829396	rs2829400	26178727	26180714
21	32848	33342	rs4816989	rs28498360	26181265	26467858
21	33345	33386	rs4817001	rs2829553	26474599	26507367
21	33389	33405	rs928263	rs7277348	26511678	26520594
21	33407	33947	rs4614997	rs1120839	26521234	26814416
21	33948	33952	rs12626971	rs7283105	26814585	26822847
21	33953	33966	rs4817017	rs6516673	26823608	26828810
21	33967	34052	rs7279232	rs928882	26832490	26885124
21	34056	34385	rs2154470	rs80018083	26887427	27044467
21	34388	34391	rs8128619	rs11911213	27046719	27047447
21	34393	34410	rs28507219	rs58083384	27047662	27054490
21	34411	34610	rs2829862	rs200146490	27054612	27177962
21	34612	34614	rs2829914	rs2829915	27178550	27178637
21	34615	34902	rs6516693	rs2829975	27179246	27268537
21	34903	34984	rs380417	rs4175	27272159	27338298
21	34986	35065	rs1783024	rs8132220	27339135	27369409
21	35067	35088	rs45538740	rs9941877;rs201709250	27373087	27392526
21	35089	35101	rs4816273	rs13050592	27395167	27403772
21	35104	35127	rs59905860	rs6516719	27406735	27425323
21	35130	35198	rs9983556	rs67792436	27426961	27467908
21	35201	35369	rs2830053	rs457792	27471711	27563105
21	35371	35434	rs459476	rs466472	27564831	27587969
21	35435	35479	rs13049968	rs467778	27588195	27606575
21	35482	35662	rs2830135	rs1788291	27609657	27672542
21	35664	35667	rs34420589	rs62216034	27673968	27674259
21	35668	35871	rs459756	rs2830193	27676401	27749876
21	35873	35924	rs219714	rs2830202	27751466	27777846
21	35927	35972	rs113486061	rs60555964	27779544	27794139
21	35977	36012	rs2830215	rs150761	27796105	27810723
21	36014	36077	rs183387	rs219646	27812227	27844833
21	36082	36083	rs71317469	rs71317470	27846035	27846053
21	36085	36167	rs2830244	rs12627243	27847264	27877118
21	36173	36232	rs222973	rs222951	27879069	27915145
21	36236	36630	rs8134193	rs366384	27917836	28024225
21	36633	36965	rs4172	rs73183652	28025461	28093967
21	36966	36969	rs9980411	rs7280762	28094355	28094746
21	36972	36985	rs67554940	rs8127600	28095942	28104533
21	36987	37111	rs3017523	rs2830487	28105621	28146189
21	37112	37152	rs12482499	rs2830515	28146309	28161795
21	37153	37306	rs9981725	rs468721	28162110	28205789
21	37307	37309	rs469576	rs229040	28206883	28207390
21	37310	37314	rs6516747	rs8992	28207448	28208954
21	37318	37341	rs229042	rs390955	28210657	28218457
21	37343	37691	rs1444274	rs162503	28220167	28332351
21	37692	37856	rs162502	rs7283042	28333006	28387923
21	37867	37868	rs2830630	rs2830631	28391583	28391743
21	37869	38329	rs2830632	rs2830716	28391938	28504423
21	38330	38332	rs2212825	rs448721	28504649	28505112
21	38334	38529	rs12106438	rs9636577	28505213	28563631
21	38534	38624	rs56974434	rs9976159	28564932	28582897
21	38628	38650	rs2830784	rs235936	28586603	28616525
21	38653	38698	rs13049191	rs2830819	28622043	28631156
21	38699	38700	rs2830820	rs2830821	28631418	28631790
21	38702	38704	rs235925	rs171008	28632360	28632409
21	38705	38896	rs235927	rs1823703	28633684	28709184
21	38900	38905	rs141243512	rs2830853	28711323	28712109
21	38907	39102	rs2830854	rs9975646	28712418	28756294
21	39103	39104	rs2830898	rs12626530	28758633	28758929
21	39105	39353	rs2830899	rs1540008	28759531	28829196
21	39354	39386	rs2830955	rs13050776	28829296	28843598
21	39387	39430	rs13047819	rs66921363	28844493	28866669
21	39432	39526	rs462290	rs1379660	28868136	28929855
21	39529	39684	rs242318	rs13049289	28932087	28989200
21	39691	40045	rs13051424	rs189651	28992053	29124566
21	40047	40048	rs56049027	rs2831147	29125931	29126277
21	40049	40133	rs10854303	rs243660	29126637	29177637
21	40134	40425	rs243662	rs8131650	29179264	29284970
21	40427	40429	rs9978508	rs9977912	29285293	29285383
21	40433	40435	rs55658622	rs9981206	29286253	29286351
21	40436	40437	rs28782567	rs8130370	29289402	29289520
21	40438	40439	rs4816312	rs9974342	29289760	29289867
21	40442	40906	rs62210855	rs7280446	29291034	29420692
21	40907	40909	rs2257412	rs4817210	29421267	29421893
21	40911	40913	rs139464356	rs3875283	29422445	29422506
21	40917	40993	rs11088049	rs2007503	29423427	29447121
21	40995	41017	rs2831462	rs2831474	29448496	29451723
21	41018	41021	rs2831475	rs149356352	29452345	29466065
21	41023	41281	rs61401777	rs13051247	29468820	29516358
21	41284	42051	rs2831540	rs2831804	29518528	29802840
21	42053	42054	rs2250910	rs2250911	29803501	29803555
21	42058	42065	rs551652362	rs2831811	29804699	29807450
21	42066	42439	rs2831813	rs2831907	29807774	29954875
21	42442	42538	rs2831910	rs9981332	29956789	29990617
21	42543	42545	rs1153259	rs9976799	29994707	29996304
21	42548	44211	rs1153260	rs111487381	29997989	30643644
21	44214	44251	rs733610	rs73195611	30656199	30715785
21	44253	44261	rs372883	rs407463	30717737	30722440
21	44270	44277	rs8129076	rs2832293	30732953	30738872
21	44278	44279	rs2832294	rs2832295	30739671	30739843
21	44280	44296	rs13048365	rs8132992	30740394	30750561
21	44299	44301	rs2832305	rs766928	30752964	30753606
21	44302	44304	rs78229826	rs28448762	30754414	30755035
21	44305	44313	rs80273585	rs78449472	30756794	30784402
21	44314	44324	rs111488068	rs73195641	30784710	30807210
21	44326	44330	rs2832321	rs60061201	30812118	30814804
21	44331	44368	rs4817286	rs9305397	30815842	30843369
21	44369	44370	rs2832339	rs28537412	30843684	30844467
21	44372	44440	rs34519863	rs12626719	30846773	30902661
21	44441	44476	rs73195694	rs2248989	30910742	30943987
21	44483	44503	rs2300307	rs2832407	30958318	30967508
21	44504	44511	rs363472	rs7277568	30968113	30972158
21	44512	44692	rs2832408	rs113019625	30973268	31079343
21	44693	45120	rs2211778	rs464500	31080081	31252311
21	45121	45147	rs464668	rs107034	31253525	31266406
21	45148	45313	rs465900	rs2832509	31267808	31345504
21	45314	45338	rs2832510	rs2832518	31347532	31371100
21	45339	45373	rs2832520	rs6516942	31373804	31388329
21	45374	45722	rs13047602	rs559599	31389986	31488234
21	45723	45806	rs76612092	rs478203	31492033	31547989
21	45808	45853	rs1943960	rs12481895	31551591	31578367
21	45855	45856	rs694984	rs524662	31583787	31584389
21	45858	46391	rs56128269	rs2186556	31586032	31753219
21	46398	46399	rs561327743	rs62222548	31754991	31754992
21	46400	46406	rs2409371	rs12373917	31755570	31758769
21	46407	46412	rs12626993	rs2832848	31759039	31761405
21	46413	47411	rs2832849	rs9647140	31761813	32205299
21	47412	47421	rs5843472	rs2833124	32207832	32214655
21	47422	47423	rs13046197	rs2833126	32215504	32215707
21	47426	47534	rs4817359	rs4817366	32217530	32254353
21	47536	47541	rs7277026	rs2833146	32256694	32258563
21	47542	47544	rs2833147	rs2833148	32259814	32260075
21	47545	47590	rs2211806	rs6516986	32261264	32288446
21	47595	47604	rs1892669	rs9976618	32291501	32303565
21	47606	47754	rs2211809	rs75451332	32304691	32394634
21	47755	47757	rs2016152	rs2898178	32397557	32398015
21	47758	47909	rs2833196	rs9976916	32402291	32450350
21	47910	47924	rs9977156	rs9305447	32450388	32456658
21	47926	47969	rs9980482	rs56054597	32458170	32470623
21	47970	47971	rs6517006	rs11701477	32471121	32471849
21	47973	47986	rs73345988	rs6517008	32472412	32479324
21	47987	48098	rs55885956	rs66726611	32479519	32523649
21	48101	48102	rs13048901	rs13049011	32524444	32524500
21	48104	48108	rs723470	rs9977559	32525302	32526206
21	48111	48112	rs2833307	rs2833308	32526841	32526915
21	48113	48281	rs9647059	rs2268225	32527012	32666803
21	48282	48285	rs4816393	rs148380615	32667521	32667553
21	48289	48290	rs1977904	rs1977905	32667896	32668006
21	48292	48293	rs2211882	rs2300350	32669135	32669203
21	48294	48461	rs2300351	rs579937	32669881	32738354
21	48463	48468	rs73195545	rs550522	32740743	32741821
21	48470	48471	rs569008	rs490777	32743302	32744501
21	48473	48474	rs560173	rs560280	32745694	32745733
21	48476	48538	rs8127384	rs845687	32746471	32766747
21	48539	48577	rs80335883	rs13048773	32771402	32794956
21	48578	48580	rs505925	rs522777	32796663	32799985
21	48583	48585	rs2284511	rs74910411	32805371	32810132
21	48593	48595	rs475142	rs492322	32811608	32814799
21	48597	48889	rs553833	rs73199530	32816922	32902171
21	48893	48953	rs9981279	rs6517046	32903888	32926897
21	48954	48955	rs9941852	rs11088178	32928296	32928670
21	48957	49197	rs933124	rs9979630	32929804	32994849
21	49198	49199	rs73199583	rs73199584	32995676	32995716
21	49201	49445	rs13048238	rs8133369	32997155	33132918
21	49446	49636	rs204738	rs10446083	33134159	33192258
21	49637	49670	rs8130580	rs7276118	33192263	33209379
21	49671	49737	rs62221591	rs8134344	33209603	33231663
21	49739	49740	rs77790727	rs12481924	33233084	33233087
21	49742	49865	rs9305473	rs11700517	33233766	33273542
21	49867	49868	rs145467141	rs2833551	33274698	33275860
21	49869	49994	rs13052069	rs9979670	33277939	33325825
21	49997	50014	rs7275780	rs79463948	33327096	33332918
21	50017	50089	rs8130926	rs2096512	33333331	33355605
21	50091	50095	rs8130638	rs79969234	33356175	33356793
21	50096	50299	rs762214	rs55763891	33357488	33420629
21	50300	50301	rs2833622	rs2833623	33420670	33420792
21	50303	50359	rs11909531	rs8128329	33422036	33435472
21	50361	50400	rs4817449	rs2012993	33437431	33446072
21	50403	50449	rs75314814	rs3890244	33446704	33468000
21	50451	50475	rs2833652	rs75763074	33470630	33480815
21	50477	50512	rs75701466	rs11700886	33482065	33501144
21	50513	50562	rs8129881	rs62214233	33502420	33528562
21	50563	50584	rs17560508	rs74442308	33529709	33538341
21	50588	50892	rs113648089	rs8128242	33538943	33668891
21	50893	50894	rs10427546	rs74632550	33669542	33670219
21	50901	51073	rs13047090	rs9980076	33672904	33772790
21	51074	51075	rs9979834	rs116136168	33773245	33773783
21	51078	51113	rs73190644	rs55654110	33776117	33783787
21	51115	51117	rs11909249	rs8134043	33784580	33786483
21	51118	51121	rs2226289	rs7278946	33787602	33789221
21	51122	51123	rs4816433	rs58793912	33789831	33790861
21	51124	51322	rs56253570	rs8131815	33791873	33865014
21	51323	51328	rs2833852	rs2096458	33865048	33867280
21	51330	51395	rs2833854	rs8132592	33869440	33894932
21	51396	51517	rs146342413	rs844989	33898710	33941082
21	51521	51641	rs59352879	rs844980	33942844	33991368
21	51644	51646	rs701729	rs845009	33994248	33995034
21	51648	51889	rs845011	rs8129488	33996278	34182722
21	51892	51998	rs2833965	rs2211683	34185263	34248343
21	51999	52121	rs12627349	rs11702172	34248989	34308743
21	52122	52124	rs8134589	rs56355938	34309113	34310483
21	52125	52131	rs2834016	rs113281372	34311349	34315820
21	52132	52133	rs73198446	rs1034128	34316107	34316133
21	52135	52174	rs2834020	rs28445299	34317077	34336375
21	52175	52197	rs9982681	rs2250685	34339333	34351218
21	52200	52230	rs62216081	rs2834048	34352938	34359256
21	52235	52315	rs10048874	rs4816442	34360188	34376145
21	52316	52317	rs79742301	rs2834061	34376326	34376382
21	52321	52325	rs2834063	rs2834065	34377594	34379700
21	52326	52369	rs59839663	rs2009130	34379958	34398178
21	52370	52438	rs1005573	rs60460929	34398716	34427758
21	52439	52441	rs933111	rs724070	34428025	34431840
21	52444	52461	rs61618270	rs80279707	34432433	34446577
21	52464	52592	rs9979745	rs2834093	34451855	34500558
21	52593	52594	rs62226091	rs62226092	34500639	34500721
21	52595	52601	rs2834094	rs12482256	34501127	34502427
21	52602	52615	rs62226094	rs8132490	34503182	34510766
21	52620	52709	rs79560822	rs13051531	34512653	34538420
21	52710	52749	rs142751227	rs2409481	34538494	34551343
21	52750	52812	rs77072038	rs999607	34551997	34569734
21	52813	52902	rs2834135	rs16990353	34571716	34587897
21	52905	53017	rs9978523	rs1131668	34589270	34634878
21	53019	53036	rs17860264	rs2510317	34636199	34649941
21	53037	53088	rs2834168	rs735299	34650791	34664590
21	53090	53308	rs999261	rs2409489	34666160	34742617
21	53309	53313	rs17711780	rs10470090	34744239	34748357
21	53314	53325	rs7282876	rs7279869	34750338	34755070
21	53326	53327	rs6517167	rs8127569	34756057	34756105
21	53328	53785	rs117793481	rs58557718	34756499	35121829
21	53786	53810	rs58777735	rs915538	35121981	35156083
21	53811	53871	rs2256797	rs62228974	35157511	35203994
21	53872	53873	rs12483144	rs12483079	35205653	35206028
21	53876	53896	rs2834274	rs34756011	35207833	35221329
21	53898	53905	rs11911181	rs8127139	35223783	35226367
21	53906	54013	rs80119547	rs35576357	35226786	35258263
21	54016	54270	rs2834288	rs74766371	35264397	35360312
21	54273	54388	rs7277031	rs1073144	35361764	35405913
21	54391	54421	rs2834357	rs10470091	35407445	35425083
21	54422	54458	rs10470170	rs79607614	35425163	35446136
21	54460	54537	rs62228247	rs62213668	35449263	35521682
21	54538	54544	rs8131877	rs71326993	35523211	35529633
21	54545	54588	rs9980793	rs13050993	35529837	35541248
21	54590	54617	rs4817622	rs35868169	35541802	35552619
21	54620	54671	rs2298341	rs9983884	35554620	35580090
21	54672	54673	rs9984234	rs58032873	35580514	35580715
21	54677	54696	rs2010107	rs2834410	35582153	35589407
21	54697	54698	rs9979847	rs9980151	35591400	35591492
21	54699	54701	rs8134775	rs28451064	35591826	35593827
21	54703	54800	rs9305545	rs10470171	35595821	35652644
21	54804	54928	rs743339	rs4817645	35655217	35724134
21	54929	54930	rs75137323	rs8129632	35724717	35724739
21	54932	54933	rs6517226	rs8131118	35725299	35725301
21	54939	55051	rs2834466	rs2834481	35727018	35795370
21	55053	55065	rs9305549	rs8129326	35797169	35812627
21	55066	55069	rs2834483	rs28700229	35814819	35815096
21	55070	55091	rs6517228	rs55857049	35816705	35822368
21	55094	55246	rs11088283	rs78913921	35823779	35881435
21	55248	55252	rs2834500	rs56115854	35883064	35883744
21	55253	55295	rs11702354	rs3787720	35884525	35904053
21	55299	55536	rs6517241	rs118041668	35905174	35939619
21	55539	55596	rs2268260	rs1125040	35941233	35967130
21	55599	55712	rs2268271	rs2070440	35968098	36011689
21	55714	55715	rs59971892	rs61419297	36012561	36012664
21	55716	55852	rs2834551	rs2014474	36013684	36082432
21	55853	55931	rs58668017	rs58251728	36083217	36124712
21	55933	55934	rs1981391	rs2834628	36125530	36125597
21	55936	55946	rs2834630	rs7280132	36126639	36130352
21	55948	55968	rs1892665	rs2070370	36132492	36157698
21	55970	55985	rs55744508	rs2253313	36163294	36187900
21	55987	55996	rs2834646	rs2243988	36190040	36202440
21	55997	55998	rs2226303	rs2246738	36202775	36203846
21	56000	56038	rs2051394	rs12483501	36206142	36224276
21	56043	56059	rs2834651	rs9979015	36228360	36235568
21	56061	56062	rs7282616	rs2268289	36236101	36236443
21	56063	56068	rs2268290	rs2834655	36236516	36238507
21	56070	56073	rs2252585	rs2268294	36241929	36243258
21	56077	56138	rs8126925	rs7364037	36245236	36276892
21	56145	56226	rs2834671	rs8127214	36281630	36328403
21	56227	56247	rs2006089	rs9976241	36333368	36338475
21	56251	56252	rs58144960	rs7278199	36339522	36339532
21	56253	56272	rs2834702	rs1981392	36340396	36353660
21	56273	56318	rs2834714	rs59390681	36357352	36367089
21	56319	56369	rs9636888	rs2834730	36367434	36382552
21	56371	56433	rs9984871	rs11701532	36383602	36414780
21	56436	56550	rs7280028	rs60103811	36416840	36465204
21	56552	56603	rs2834757	rs61038914	36467070	36482178
21	56605	56672	rs117683963	rs2007324	36482953	36508031
21	56675	56725	rs17264072	rs73207431	36509742	36523040
21	56726	56727	rs61223015	rs2834804	36523905	36524140
21	56728	56733	rs2834805	rs4817703	36524938	36527100
21	56735	56766	rs2075904	rs2834818	36527355	36543616
21	56767	56800	rs6517279	rs2242917	36543908	36560781
21	56804	56894	rs4817706	rs62217045	36563079	36597209
21	56896	56899	rs2834853	rs2834854	36597915	36600308
21	56903	57110	rs6517286	rs2834902	36601960	36688528
21	57117	57233	rs9647164	rs9968005	36690827	36744959
21	57234	57255	rs2242725	rs1040329	36746014	36755244
21	57256	57384	rs2834923	rs2834935	36756031	36821199
21	57386	57412	rs9981470	rs62217084	36822544	36843100
21	57413	57465	rs17227497	rs2834952	36843932	36882224
21	57467	57468	rs1003261	rs2834953	36883073	36883094
21	57470	57471	rs2142100	rs2251736	36884344	36884993
21	57474	57983	rs114473307	rs11088325	36886779	37058995
21	57986	57987	rs2242766	rs9983349	37059701	37059706
21	57988	58066	rs1883057	rs190497445	37061932	37141914
21	58067	58175	rs4816515	rs6517311	37146881	37252246
21	58176	58208	rs13048955	rs367467	37253256	37290673
21	58212	58249	rs7282815	rs423619	37294112	37305826
21	58256	58819	rs80054780	rs79624889	37309692	37473313
21	58820	58828	rs9636630	rs9978553	37474029	37476238
21	58829	59109	rs9978498	rs13048202	37476292	37549024
21	59111	59290	rs28626388	rs7279574	37549848	37599642
21	59298	59310	rs9981261	rs147393817	37600515	37607934
21	59311	59400	rs4817787	rs2284640	37609025	37644168
21	59402	59487	rs7282050	rs8133124	37645863	37667579
21	59489	59523	rs12626938	rs113794049	37670029	37678605
21	59524	59526	rs56250126	rs4816525	37678650	37679189
21	59531	59684	rs6517344	rs35951064	37682785	37795292
21	59685	59689	rs11088347	rs218637	37795504	37799800
21	59690	59865	rs170141	rs56116207	37800374	37827890
21	59866	59962	rs219791	rs114872540	37828558	37858540
21	59964	59965	rs8132946	rs60605101	37858951	37858957
21	59966	59967	rs73204270	rs150494374	37859210	37859449
21	59968	59977	rs219737	rs184320	37859660	37864471
21	59980	59993	rs2850113	rs58192378	37865623	37868817
21	59996	59997	rs730265	rs743425	37871886	37872004
21	60002	60005	rs28491626	rs76415705	37872288	37872723
21	60007	60320	rs6517354	rs443367	37874417	37990422
21	60321	60330	rs113919058	rs380723	37990950	37995539
21	60331	60333	rs2835405	rs2835406	37996045	37996897
21	60339	60340	rs77561473	rs928844	37999782	37999799
21	60341	60479	rs34452485	rs11701657	38002029	38038311
21	60480	60484	rs1573308	rs8132974	38038694	38040461
21	60488	60490	rs2835422	rs2835424	38042412	38042539
21	60492	60518	rs2835425	rs7364121	38043742	38059942
21	60520	60550	rs60351166	rs34907269	38061372	38073695
21	60556	60557	rs8130149	rs79727496	38074745	38074944
21	60559	60601	rs875225	rs2000548	38075625	38092700
21	60602	60609	rs2246739	rs73210775	38093071	38098078
21	60611	60620	rs2250702	rs1892911	38103630	38108463
21	60623	60626	rs112972188	rs11701520	38109280	38109994
21	60627	60630	rs2018878	rs9977504	38110170	38112781
21	60631	60632	rs2070519	rs2070520	38113998	38114442
21	60633	60642	rs2835451	rs2051397	38114970	38121537
21	60644	60646	rs14407	rs12481800	38123925	38127626
21	60649	60682	rs2845804	rs9305605	38129122	38152533
21	60686	60689	rs9979967	rs60796757	38153975	38154445
21	60690	60772	rs73210798	rs1984020	38154697	38184059
21	60773	60807	rs2835462	rs2835476	38184647	38204594
21	60808	61164	rs12626955	rs73196096	38205454	38355484
21	61165	61167	rs13051479	rs391554	38355800	38356085
21	61170	61248	rs73196097	rs2845830	38357586	38377507
21	61249	61252	rs10432862	rs56093871	38379321	38380656
21	61253	61329	rs567572436	rs117370645	38381068	38406932
21	61330	61331	rs79443229	rs138448036	38407605	38407745
21	61333	61380	rs7354770	rs2835569	38408412	38429389
21	61382	61385	rs1235345	rs2843964	38432325	38434625
21	61386	61878	rs17229045	rs2835690	38436944	38667313
21	61880	61903	rs9305615	rs2409887	38668607	38683112
21	61904	61932	rs2409888	rs62223906	38683181	38699025
21	61933	61959	rs58515696	rs7281278	38699031	38710631
21	61965	61967	rs7281389	rs2409891	38712719	38713436
21	61968	62427	rs7278145	rs28549294	38714185	38917678
21	62428	62434	rs36118338	rs2835798	38918134	38920449
21	62435	62436	rs2835799	rs2835800	38920501	38920838
21	62437	62449	rs2835801	rs13051751	38921069	38924787
21	62450	62452	rs2835808	rs7278712	38925550	38926785
21	62454	62471	rs34271447	rs2835816	38929958	38936751
21	62472	62566	rs1113959	rs4817875	38938900	38969670
21	62569	62592	rs28384103	rs8129759	38970340	38983111
21	62593	62594	rs9982932	rs13053097	38984514	38984624
21	62597	62858	rs73220479	rs858007	38985633	39066239
21	62859	62878	rs2835895	rs12482570	39066353	39077777
21	62879	62880	rs60945302	rs62221647	39080017	39080019
21	62881	62893	rs13049947	rs4817888	39080840	39088007
21	62895	63015	rs857960	rs111500270	39089714	39129379
21	63017	63062	rs35142630	rs62221968	39130381	39150573
21	63063	63071	rs858044	rs9979142	39151651	39157457
21	63073	63324	rs2835957	rs55925825	39160034	39247477
21	63325	63326	rs7282908	rs1892682	39247932	39248065
21	63327	63328	rs7276020	rs35916702	39250321	39250915
21	63329	63341	rs3787860	rs10775660	39251108	39253518
21	63344	63389	rs8134927	rs2836049	39255190	39284637
21	63390	63391	rs60633399	rs2836050	39284727	39284835
21	63393	63418	rs1892683	rs11088413	39286621	39312861
21	63419	63443	rs9976140	rs7276004	39313095	39326452
21	63448	63508	rs71316608	rs2836081	39329623	39355742
21	63511	63641	rs73208172	rs2836128	39357394	39409614
21	63644	64092	rs62223467	rs9982937	39411233	39699029
21	64094	64118	rs60128869	rs2000427	39699643	39708730
21	64120	64163	rs2836310	rs2836334	39710461	39724773
21	64166	64179	rs12483691	rs73212000	39726394	39731391
21	64182	64268	rs2836340	rs2836372	39733529	39774348
21	64270	64271	rs2836373	rs1543774	39775373	39775964
21	64274	64296	rs1892570	rs2040234	39776562	39785186
21	64297	64298	rs9982473	rs989554	39786613	39786927
21	64299	64390	rs62217904	rs9983067	39787582	39809891
21	64392	64393	rs2836396	rs62217941	39810743	39811162
21	64395	64448	rs2298335	rs10154135	39812481	39830550
21	64449	64450	rs2836415	rs10154182	39830556	39830620
21	64454	64457	rs2836416	rs2186346	39833491	39834330
21	64459	64528	rs2836418	rs2836445	39835031	39872696
21	64529	64589	rs2836446	rs3787914	39872956	39903359
21	64590	64740	rs1888471	rs2836525	39903923	39945849
21	64741	64784	rs62217464	rs881837	39946229	39955954
21	64786	64789	rs61428957	rs11702833	39959157	39960164
21	64790	64874	rs11702876	rs456457	39960483	40011916
21	64876	65017	rs76622165	rs733541	40012667	40074700
21	65019	65020	rs35903205	rs2006111	40074905	40075054
21	65023	65081	rs13052427	rs111994185	40075873	40115483
21	65083	65084	rs8134461	rs73205542	40118163	40118186
21	65086	65087	rs2836657	rs2836658	40119768	40119930
21	65088	65090	rs74810942	rs1999327	40120152	40121109
21	65093	65120	rs11702843	rs2836673	40123740	40133710
21	65121	65216	rs9981039	rs1209955	40135124	40184534
21	65218	65390	rs2298560	rs78951747	40185975	40234118
21	65391	65392	rs464052	rs464074	40234138	40234202
21	65393	65571	rs62217810	rs2836744	40234498	40281003
21	65573	65578	rs2836747	rs9979503	40282556	40283871
21	65579	65581	rs28502431	rs76400243	40285485	40285608
21	65582	65588	rs62219881	rs9982210	40285679	40288511
21	65590	65591	rs8127552	rs28514570	40288734	40288843
21	65592	65628	rs8128155	rs2836759	40289113	40295176
21	65629	65630	rs111373126	rs112632601	40296090	40296184
21	65631	65674	rs11910088	rs2836765	40296213	40305866
21	65677	65698	rs9977386	rs2836773	40308256	40316451
21	65703	65876	rs2836777	rs149481766	40319269	40366744
21	65877	65927	rs1543290	rs2836825	40366954	40380977
21	65931	65946	rs2836826	rs2836834	40382624	40387484
21	65949	66009	rs13049645	rs74695560	40389017	40402761
21	66013	66156	rs9974440	rs8132483	40404559	40451844
21	66159	66160	rs2836877	rs8128521	40452573	40452693
21	66161	66167	rs369906	rs71316663	40453036	40455511
21	66168	66205	rs28756733	rs58278207	40458722	40475118
21	66207	66210	rs7279465	rs11088463	40476413	40480466
21	66215	66298	rs1882772	rs62224879	40484933	40504657
21	66300	66321	rs2836908	rs7281074	40505513	40512004
21	66325	66971	rs28399794	rs3761372	40513473	40743845
21	66972	66973	rs79482494	rs73364034	40744348	40744651
21	66974	66984	rs4818031	rs9975761	40747523	40751173
21	66986	67378	rs2094874	rs10451760	40753007	40897159
21	67379	67382	rs79169281	rs60036944	40897214	40897534
21	67383	67748	rs376635320;rs483318	rs78905016	40898844	40978115
21	67749	67751	rs1734932	rs7276418	40979551	40980238
21	67752	67753	rs28533667	rs28446860	40980521	40980566
21	67758	67826	rs550569	rs10483057	40981775	41019652
21	67829	67833	rs78083988	rs11700998	41019888	41020796
21	67834	67855	rs10854398	rs28421599	41021752	41026963
21	67857	67858	rs2239386	rs11088491	41027823	41027854
21	67860	67878	rs559077	rs987376	41028375	41038443
21	67879	67882	rs2837110	rs16998106	41039188	41042198
21	67883	67940	rs79728168	rs7283219	41042478	41071386
21	67943	67981	rs6517557	rs7279224	41073006	41095241
21	67983	67985	rs17752469	rs467109	41097702	41097911
21	67987	68001	rs4818074	rs1629066	41098802	41105129
21	68003	68008	rs9985061	rs2837135	41106040	41108661
21	68011	68012	rs460528	rs60218783	41111072	41111094
21	68013	68689	rs1735141	rs2249245	41111100	41251414
21	68690	68707	rs2299748	rs2276522	41251463	41258586
21	68708	68714	rs2837267	rs2837269	41259140	41259941
21	68716	68717	rs2299752	rs17753847	41260234	41260260
21	68719	68736	rs2299754	rs11088498	41261290	41263719
21	68737	68758	rs7276367	rs2837272	41263910	41269489
21	68760	68805	rs74578577	rs2244084	41269531	41277049
21	68808	68809	rs2299763	rs2299765	41277789	41277845
21	68814	68815	rs2244287	rs968582	41278929	41278955
21	68816	68817	rs2244297	rs2299767	41279109	41279583
21	68818	68841	rs2299768	rs2837288	41279687	41282995
21	68842	68915	rs928294	rs2238703	41283608	41301355
21	68918	68957	rs34140815	rs1888494	41302134	41309645
21	68963	69057	rs55651028	rs2026270	41312909	41342758
21	69059	69070	rs1632648	rs1734921	41343592	41345008
21	69076	69077	rs75822133	rs62236605	41346212	41346214
21	69081	69083	rs62236619	rs992039	41348212	41348521
21	69084	69107	rs1734850	rs73217395	41349998	41356040
21	69108	69182	rs73217397	rs11910126	41356647	41371632
21	69184	69188	rs2837362	rs59175043	41372248	41373377
21	69190	69219	rs2010513	rs73221332;rs567671735	41375324	41383840
21	69221	69238	rs2837374	rs8133488	41385760	41388360
21	69241	69323	rs76829475	rs928293	41389691	41412642
21	69325	69468	rs9981861	rs10222094	41415044	41454366
21	69469	69478	rs2837426	rs28399843	41454734	41461814
21	69480	69484	rs11701806	rs7277323	41463804	41464636
21	69485	69697	rs396581	rs9983013	41464641	41529918
21	69698	69701	rs1033343	rs76980966	41530033	41531051
21	69703	69707	rs1016445	rs2837466	41531261	41531472
21	69710	69743	rs7280615	rs2837477	41532663	41542200
21	69745	69764	rs2898401	rs8130905	41544215	41549769
21	69765	69767	rs10854401	rs73230320	41550463	41551299
21	69769	69770	rs565883236	rs7278165	41555043	41555056
21	69771	69772	rs1882791	rs1882792	41555446	41555468
21	69773	69783	rs1000371	rs66470706	41555730	41558278
21	69784	69841	rs726105	rs2837501	41563222	41577933
21	69842	69843	rs2837502	rs13053013	41578090	41578252
21	69844	69847	rs4375957	rs2837504	41578355	41578585
21	69851	69985	rs2837507	rs7275297	41583547	41666599
21	69986	70050	rs9977943	rs4816681	41667233	41691341
21	70053	70065	rs73371761	rs12626628	41693634	41705756
21	70066	70067	rs77608107	rs2205081	41707453	41708994
21	70068	70069	rs2837572	rs2837573	41709389	41709854
21	70070	70160	rs2297269	rs2837603	41710879	41760417
21	70161	70193	rs2837604	rs1985799	41760468	41770595
21	70196	70234	rs13048722	rs2837623	41774179	41800106
21	70235	70239	rs10483067	rs2205086	41800854	41802307
21	70242	70273	rs9981495	rs58704028	41803872	41816672
21	70277	70536	rs2837630	rs2837689	41818543	41907723
21	70537	70553	rs2837692	rs55714611	41910092	41917545
21	70557	70558	rs1554936	rs2837696	41918958	41919423
21	70559	70631	rs9977991	rs16999997	41919556	41933878
21	70634	70843	rs34797708	rs4816691	41934946	41995594
21	70844	70845	rs2837756	rs9974484	41995874	41997529
21	70846	70853	rs7279213	rs7277699	41998571	42002154
21	70854	70993	rs11702781	rs11700567	42002476	42027385
21	70996	70999	rs2837766	rs2837767	42028282	42029893
21	71005	71144	rs10854404	rs4818162	42031202	42058520
21	71148	71225	rs4818163	rs34236447	42060335	42085284
21	71226	71356	rs7276043	rs7279013	42085920	42137851
21	71357	71360	rs909185	rs9976575	42138491	42139814
21	71361	71364	rs2837813	rs4818171	42140070	42141513
21	71365	71509	rs35591308	rs9305706	42141962	42183125
21	71514	71518	rs7283279	rs2837836	42185860	42188033
21	71519	71520	rs143218239	rs78823543	42190175	42190846
21	71521	71545	rs2837837	rs7281495	42191008	42199662
21	71546	71547	rs79642293	rs111987370	42200410	42200661
21	71549	71607	rs7283189	rs2837856	42201433	42215832
21	71609	71620	rs17764048	rs13046100	42218119	42224601
21	71623	71624	rs8130871	rs8133945	42226148	42226166
21	71625	71697	rs4302293	rs11701591	42226423	42250148
21	71699	71716	rs55660916	rs6517636	42252818	42257555
21	71719	71767	rs2837860	rs4581977	42259075	42274582
21	71768	71769	rs28706422	rs17000403	42276108	42276167
21	71771	71789	rs36045978	rs2183586	42277144	42280567
21	71790	72081	rs2837871	rs9984460	42280676	42377372
21	72082	72086	rs2837895	rs35976647	42377715	42378656
21	72089	72161	rs9980066	rs1888511	42381055	42415416
21	72163	72164	rs914165	rs914166	42415929	42416022
21	72166	72171	rs13047849	rs2837913	42421994	42424186
21	72173	72246	rs34275925	rs59887816	42426694	42449322
21	72247	72253	rs9978655	rs7282819	42450619	42457159
21	72254	72400	rs9305719	rs2776341	42460681	42490274
21	72401	72411	rs2837957	rs1543657	42491120	42493949
21	72412	72432	rs10854410	rs1571731	42494807	42504356
21	72433	72445	rs1467755	rs34103523	42505575	42511678
21	72447	72540	rs34062530	rs62217923	42513317	42539293
21	72541	72546	rs8134160	rs9981347	42541202	42543537
21	72547	72550	rs734757	rs4818217	42543663	42546059
21	72558	72559	rs9977003	rs7844	42548721	42548829
21	72560	72561	rs9305729	rs62217945	42550402	42553633
21	72565	72566	rs3949725	rs77922633	42556413	42556519
21	72567	72590	rs8130833	rs8131198	42556885	42570841
21	72591	72593	rs9977370	rs116538541	42571741	42572130
21	72597	72602	rs3787933	rs138837252	42573589	42576164
21	72603	72638	rs35291683	rs2837970	42576275	42591611
21	72640	72655	rs34616176	rs2837974	42595176	42602735
21	72659	72671	rs2898441	rs1541103	42606524	42613344
21	72672	72687	rs73222273	rs8127120	42613545	42619274
21	72689	72690	rs914186	rs914187	42619657	42619749
21	72691	72779	rs2837989	rs58795078	42620119	42656617
21	72780	72782	rs2006737	rs9636986	42657187	42657487
21	72784	72888	rs2410416	rs8129480	42658473	42709737
21	72889	72935	rs2158354	rs2189512	42710175	42727708
21	72938	72951	rs757368	rs9977147	42729591	42739433
21	72953	72972	rs432331	rs376364	42739979	42746568
21	72973	72978	rs73370108	rs2065327	42747267	42748319
21	72979	72980	rs379839	rs2074559	42749189	42749377
21	72981	72990	rs36019198	rs8127870	42750412	42756996
21	72991	73005	rs373066	rs9305743	42757620	42764948
21	73006	73032	rs9976700	rs457870	42766607	42779056
21	73034	73038	rs458966	rs10222067	42782631	42787804
21	73041	73053	rs457274	rs464138	42792485	42798173
21	73054	73206	rs28631006	rs2238719	42799513	42829992
21	73209	73294	rs60687893	rs9977234	42830901	42855564
21	73295	73302	rs9979311	rs2257202	42855689	42857715
21	73303	73329	rs62217531	rs401371	42857901	42864812
21	73334	73475	rs55760462	rs73231921	42868206	42900167
21	73477	73522	rs4327307	rs9647192	42901033	42914603
21	73523	73530	rs35399628	rs7278990	42914758	42917425
21	73532	73562	rs2838055	rs2838063	42918384	42929129
21	73564	73657	rs2838064	rs112981648	42930177	42953685
21	73659	73661	rs28675193	rs28580771	42954903	42955173
21	73662	73664	rs76705102	rs62219341	43005665	43005842
21	73669	73673	rs58174533	rs7283637	43012837	43015722
21	73675	73700	rs11911492	rs73903449	43017485	43026367
21	73702	73703	rs12482523	rs72613633	43026736	43026920
21	73705	73734	rs59243317	rs8132804	43027475	43034973
21	73736	73774	rs9977018	rs9976507	43036969	43046407
21	73776	73829	rs73903459	rs7275389	43046942	43061948
21	73830	73834	rs2838079	rs2838082	43062282	43062929
21	73836	73852	rs7281051	rs2402162	43063388	43073400
21	73855	73856	rs8129208	rs2309099	43074507	43074513
21	73862	73864	rs2248865	rs2849685	43076296	43076906
21	73866	73872	rs2849686	rs9981109	43077743	43080127
21	73873	73957	rs2252109	rs2776362	43080428	43097819
21	73959	73972	rs2776363	rs9917486	43098472	43102097
21	73973	74051	rs12626676	rs8130711	43102900	43121958
21	74052	74077	rs11700486	rs9984948	43122083	43127316
21	74078	74083	rs2838089	rs8128818	43127927	43128660
21	74084	74134	rs13047904	rs8132748	43128697	43135074
21	74136	74151	rs4919931	rs10222189	43135545	43138836
21	74152	74177	rs2838100	rs6586231	43139184	43141552
21	74181	74182	rs35677462	rs4919937	43142596	43142669
21	74183	74185	rs4919938	rs78577734	43142744	43143345
21	74186	74187	rs2309103	rs7283002	43143936	43144340
21	74189	74190	rs8126818	rs4407339	43145748	43145983
21	74193	74194	rs4309658	rs9982898	43146474	43146533
21	74198	74253	rs11911506	rs9978542	43147016	43164859
21	74254	74357	rs34366846	rs3017437	43165824	43198329
21	74360	74510	rs12627347	rs28680734	43199978	43237585
21	74511	74514	rs28469625	rs28708397	43237843	43239330
21	74515	74520	rs28604512	rs28736741	43239672	43241018
21	74521	74669	rs28485479	rs78973370	43241798	43275322
21	74670	74682	rs915832	rs7276603	43275495	43281668
21	74683	74757	rs62621406	rs74278152	43281767	43300281
21	74759	74769	rs11701619	rs35840201	43301289	43303558
21	74770	74822	rs1539968	rs13049118	43304884	43317233
21	74823	74825	rs218366	rs218368	43317441	43318023
21	74826	74847	rs79783160	rs396690	43318259	43320750
21	74850	74851	rs3819159	rs382736	43321426	43321528
21	74853	74855	rs8129406	rs376029	43322447	43322866
21	74856	74900	rs426173	rs9974477	43322990	43334290
21	74901	74903	rs8132864	rs7282354	43334404	43334485
21	74905	74906	rs9979778	rs4920133	43335112	43335206
21	74907	74920	rs3827223	rs9977215	43338175	43343190
21	74925	74956	rs13052308	rs56908131	43347556	43362204
21	74958	75007	rs7279279	rs7275451	43363109	43387056
21	75009	75016	rs9680413	rs62216685	43388337	43390390
21	75017	75158	rs11700611	rs220216	43390540	43441554
21	75159	75170	rs11701770	rs62215060	43441834	43443378
21	75176	75180	rs11701948	rs7278550	43445292	43446546
21	75181	75235	rs77898845	rs446831	43446687	43458205
21	75237	75238	rs4920059	rs73369515	43458706	43458745
21	75242	75243	rs2839449	rs220246	43459991	43460310
21	75248	75381	rs5024160	rs468126	43461580	43497824
21	75384	75391	rs12481732	rs8132555	43498344	43499442
21	75392	75404	rs80075133	rs8133951	43499864	43502866
21	75405	75406	rs56712315	rs8130714	43502878	43503051
21	75407	75410	rs7278485	rs749020	43504228	43506485
21	75411	75438	rs58788126	rs220309	43507189	43517440
21	75439	75515	rs220310	rs220129	43518323	43531632
21	75517	75532	rs220131	rs117021139	43531848	43535511
21	75533	75536	rs73223546	rs220142	43536262	43537155
21	75537	75551	rs112334304	rs113839795	43537476	43541010
21	75554	75566	rs111432905	rs220157	43542386	43546705
21	75567	75605	rs9984766	rs220169	43547612	43555174
21	75606	75610	rs220170	rs11910458	43555300	43555658
21	75611	75872	rs220171	rs113642070	43555662	43609292
21	75873	75884	rs2839476	rs748320	43609680	43612647
21	75886	75996	rs73225405	rs170445	43613428	43661486
21	75997	75998	rs13052462	rs9979482	43661920	43662341
21	75999	76007	rs225449	rs12329683	43662626	43669610
21	76011	76062	rs3787980	rs111213058	43672637	43687747
21	76065	76082	rs532345	rs225403	43689491	43698529
21	76084	76123	rs8131852	rs1311800	43698902	43703866
21	76124	76128	rs8132393	rs2234719	43704002	43704650
21	76129	76131	rs10788646	rs9653812	43705330	43705725
21	76136	76179	rs4920080	rs35836050	43708766	43727291
21	76183	76187	rs225437	rs225439	43730795	43731405
21	76188	76359	rs11203193	rs13052394	43731458	43788142
21	76360	76387	rs8129470	rs225311	43788609	43793772
21	76389	76391	rs1888520	rs748372	43794185	43794387
21	76394	76427	rs118003243	rs2839504	43795055	43808004
21	76431	76432	rs186531	rs225432	43808927	43808964
21	76435	76437	rs3814900	rs225313	43809826	43812354
21	76438	76622	rs1867030	rs11910104	43812568	43866169
21	76625	76628	rs3827232	rs35735840	43867059	43867892
21	76629	76663	rs34217522	rs8133593	43868647	43876400
21	76664	76665	rs2839525	rs1475890	43876937	43877017
21	76666	76736	rs2839526	rs7283245	43877964	43896583
21	76737	76738	rs2839533	rs537850913	43897026	43897115
21	76740	76741	rs13048879	rs56825875	43897211	43897276
21	76742	76743	rs11700646	rs190105066	43897293	43897303
21	76745	76747	rs532561393	rs562983482	43897332	43897334
21	76752	77005	rs55886155	rs228101	43899154	43983219
21	77006	77192	rs228102	rs1232669	43983621	44023444
21	77193	77216	rs412793	rs1788456	44023644	44028847
21	77217	77218	rs9980876	rs7281185	44029673	44030109
21	77220	77226	rs411700	rs375694	44031855	44033960
21	77227	77379	rs55991598	rs73905718	44033970	44076420
21	77380	77386	rs8134484	rs1078487	44076779	44078799
21	77388	77456	rs71320536	rs59068774	44080009	44102313
21	77458	77626	rs62215394	rs8133738	44103795	44158636
21	77627	77641	rs9976235	rs9637308	44160538	44166588
21	77642	77658	rs2839582	rs4920000	44168553	44174445
21	77660	77661	rs2269160	rs2269161	44175596	44175695
21	77662	77722	rs2269162	rs57377108	44176173	44192136
21	77723	77724	rs2276240	rs9974366	44192240	44192335
21	77727	77729	rs7279035	rs7283696	44194083	44194195
21	77731	77761	rs9637296	rs73231624	44195374	44201615
21	77762	77766	rs12483164	rs115576229	44201769	44201866
21	77769	77772	rs2002004	rs869725	44203367	44203936
21	77774	77775	rs1573418	rs1571738	44205926	44206215
21	77776	77779	rs883471	rs4607027	44207140	44208433
21	77780	77782	rs34884740	rs12053711	44209097	44209322
21	77783	77784	rs9985015	rs117288678	44209345	44209354
21	77786	79017	rs79751114	rs79067607	44210953	44489524
21	79018	79022	rs7276016	rs9982015	44489664	44490092
21	79023	79025	rs397589	rs11701048	44490214	44491425
21	79026	79028	rs9980564	rs2605308	44492603	44492843
21	79029	79042	rs2244171	rs234783	44496594	44503243
21	79046	79055	rs12483178	rs3972	44504755	44506201
21	79058	79074	rs9977396	rs1672117	44507418	44508931
21	79076	79122	rs28479808	rs62217712	44509578	44536061
21	79125	79126	rs7278289	rs7276811	44537071	44537108
21	79128	79169	rs2401197	rs11700877	44537234	44561495
21	79172	79186	rs9982687	rs9974971	44563563	44568074
21	79190	79224	rs13052393	rs13047512	44569366	44581550
21	79225	79226	rs77084473	rs8127377	44582411	44582440
21	79228	79247	rs9978801	rs4244357	44583517	44590127
21	79250	79265	rs11909366	rs914195	44591488	44596272
21	79271	79307	rs11701225	rs2839649	44598827	44607103
21	79308	79311	rs28502758	rs28669314	44607139	44608339
21	79313	79342	rs111740092	rs13052510	44608781	44624291
21	79344	79363	rs8133281	rs28972086	44626269	44632513
21	79366	79370	rs140537702	rs143774544	44698617	44702920
21	79373	79420	rs11089015	rs11911601	44710408	44720839
21	79421	79422	rs62218907	rs8130023	44721370	44721382
21	79423	79425	rs60206358	rs8130169	44721448	44721475
21	79427	79458	rs11700805	rs560548	44722237	44732665
21	79461	79471	rs2838254	rs2122867	44736315	44739481
21	79472	79473	rs2838257	rs56179326	44740134	44740327
21	79474	79494	rs688515	rs2838262	44741551	44749042
21	79495	79496	rs564352	rs62218931	44749141	44749746
21	79497	79499	rs482182	rs128539	44749901	44750209
21	79500	79538	rs507270	rs2838273	44750328	44762655
21	79541	79544	rs7280508	rs9977352	44764674	44764712
21	79545	79586	rs609845	rs7277802	44764895	44773812
21	79590	79597	rs9981625	rs7278788	44775278	44776838
21	79598	79697	rs7280794	rs672226	44776905	44799734
21	79700	79722	rs857543	rs7281209	44800820	44813517
21	79724	79725	rs12627203	rs76570210	44815113	44815757
21	79727	79729	rs2838298	rs74657229	44817248	44819014
21	79730	79745	rs510170	rs556330	44819411	44824964
21	79749	79752	rs13051273	rs581115	44825421	44825431
21	79756	79787	rs2096852	rs35111795	44825683	44833815
21	79789	79905	rs78668403	rs113407272	44834101	44871502
21	79906	79919	rs229355	rs162386	44871682	44875495
21	79922	79926	rs162385	rs463194	44877430	44877993
21	79931	79934	rs230634	rs229341	44886119	44889292
21	79936	80202	rs75951983	rs7283428	44891829	45127914
21	80203	80205	rs7280160	rs7279400	45127950	45128190
21	80206	80221	rs79268608	rs10432971	45128449	45135167
21	80224	80278	rs9985172	rs2299807	45136843	45160099
21	80282	80580	rs112060928	rs2838412	45161339	45249506
21	80581	80615	rs4818870	rs113777028	45250157	45257315
21	80616	80694	rs76758772	rs55939443	45257445	45283832
21	80695	80778	rs4819337	rs4819350	45287501	45357301
21	80779	80800	rs28515690	rs6518339	45358806	45369434
21	80801	80802	rs7283216	rs8134198	45369487	45369535
21	80804	80835	rs57209759	rs4819354	45370567	45387008
21	80837	80838	rs57924870	rs9984283	45388353	45388355
21	80839	80882	rs2070542	rs73226967	45388644	45408892
21	80883	81227	rs7282631	rs34486701	45408911	45590125
21	81228	81246	rs7278570	rs7276120	45593802	45605448
21	81250	81251	rs59829171	rs116383843	45607954	45607996
21	81252	81352	rs2838514	rs73381331	45608337	45631698
21	81355	81461	rs74330716	rs3746963	45632229	45651497
21	81464	81466	rs9977304	rs2329716	45652458	45652514
21	81467	81470	rs2329717	rs73229000	45652644	45653292
21	81472	81473	rs7281454	rs7278257	45653759	45653764
21	81474	81485	rs141439063	rs420726	45654774	45659445
21	81488	81511	rs876200	rs62226872	45661528	45672223
21	81512	81514	rs62226873	rs115075075	45672285	45672793
21	81516	81604	rs2070562	rs2850167	45674095	45702354
21	81606	81614	rs2850168	rs3761389	45703200	45704938
21	81615	81632	rs751032	rs933150	45705660	45712588
21	81634	81646	rs111411199	rs1133779	45714020	45717550
21	81650	81744	rs1893208	rs11088947	45721072	45742822
21	81747	81762	rs928303	rs62220411	45744982	45755808
21	81763	81764	rs14313	rs66916924	45756015	45756069
21	81768	81799	rs56242109	rs734336	45757631	45768350
21	81800	81872	rs2096860	rs1556314	45768598	45811343
21	81874	81955	rs371831935	rs13050999	45815582	45844601
21	81956	81966	rs8129542	rs73907188	45846823	45853470
21	81968	81978	rs2238727	rs9979491	45853914	45856615
21	81979	81981	rs8131919	rs35463403	45858141	45860024
21	81982	82039	rs1573477	rs2838567	45860912	45893907
21	82041	82062	rs12627610	rs186033564	45895759	45904708
21	82063	82077	rs79239574	rs2838575	45905559	45930635
21	82079	82089	rs60390607	rs58270608	45939057	45942745
21	82093	82096	rs8133141	rs12626344	45950550	45953169
21	82098	82101	rs9975101	rs233314	45955372	45957792
21	82102	82114	rs2838586	rs62220861	45958029	45962371
21	82116	82118	rs233322	rs233231	45964210	45966733
21	82119	82120	rs233232	rs233233	45968354	45968373
21	82122	82162	rs6518194	rs233251	45969601	45976279
21	82165	82202	rs12483390	rs233284	45978488	45992475
21	82204	82221	rs233285	rs233291	45993819	46008453
21	82222	82223	rs1785470	rs1699040	46008875	46008878
21	82225	82237	rs233293	rs201334923	46010134	46011987
21	82238	82332	rs201732843	rs233270	46012181	46041157
21	82333	82337	rs467936	rs468278	46041618	46042282
21	82341	82911	rs8132826	rs434243	46043454	46147456
21	82912	82913	rs4818969	rs2838665	46148120	46148874
21	82915	82916	rs235383	rs192090	46149540	46149810
21	82919	82925	rs235385	rs140665269	46151301	46153273
21	82926	82939	rs13047389	rs688318	46153283	46153474
21	82941	83035	rs582152	rs35353717	46153886	46175328
21	83036	83037	rs388296	rs13050798	46175364	46175366
21	83040	83041	rs396999	rs35907272	46175935	46175937
21	83042	83043	rs11701897	rs4818971	46176453	46176796
21	83049	83058	rs9647228	rs11702874	46178515	46179741
21	83059	83237	rs55659309	rs690626	46180280	46243319
21	83239	83242	rs690355	rs690350	46244071	46244131
21	83243	83244	rs13049623	rs13049630	46244187	46244215
21	83245	83492	rs11088964	rs235377	46244410	46308212
21	83494	83525	rs74397353	rs2838730	46310306	46319492
21	83528	83529	rs2230528	rs5030670	46320313	46320403
21	83531	83533	rs760464	rs35934861	46321035	46321207
21	83534	83584	rs35963032	rs13051783	46321226	46335940
21	83587	83589	rs78754053	rs7281781	46336502	46336548
21	83590	83591	rs7281925	rs12482072	46336645	46336711
21	83594	83630	rs1474552	rs3761397	46337290	46342629
21	83631	83632	rs56140450	rs57894530	46343481	46343738
21	83633	83649	rs55857889	rs4818986	46343950	46347345
21	83653	83661	rs1721	rs7276960	46349496	46350065
21	83662	83943	rs73226621	rs35850638	46350303	46429442
21	83945	83999	rs4819011	rs2838755	46430048	46453498
21	84000	84058	rs8129133	rs8132813	46454237	46483467
21	84059	84061	rs11700654	rs72613652	46483820	46484612
21	84062	84338	rs8133767	rs7281757	46485239	46636161
21	84341	84351	rs73233867	rs4819035	46638290	46645715
21	84353	84354	rs1051385	rs2838821	46646264	46646546
21	84358	84587	rs150799937	rs2838868	46650801	46714641
21	84588	84590	rs7279250	rs17329019	46714692	46715314
21	84591	84644	rs10098	rs62214418	46715545	46741764
21	84651	84654	rs55654356	rs78070270	46743575	46744481
21	84655	84656	rs914233	rs8131252	46744941	46745641
21	84659	84693	rs56869408	rs75185599	46747798	46759899
21	84695	84696	rs61740568	rs4819064	46761760	46762213
21	84697	84896	rs4819065	rs4819086	46762390	46806537
21	84897	84898	rs2838904	rs4818774	46806682	46807290
21	84899	84944	rs4818775	rs62216279	46807499	46819726
21	84945	84946	rs9637198	rs11089000	46820082	46820107
21	84947	84952	rs2330105	rs2094886	46820786	46820991
21	84954	84955	rs57562083	rs2183589	46821318	46821491
21	84959	85001	rs572810079	rs8133885	46825033	46838703
21	85004	85026	rs2838917	rs2838927	46839904	46848326
21	85029	85044	rs9974361	rs56013750	46848841	46853183
21	85045	85310	rs7283026	rs112670966	46853259	46921566
21	85314	85315	rs7409857	rs8126955	46922436	46922934
21	85328	85330	rs2236483	rs2838950	46926054	46926297
21	85331	85420	rs112798876	rs73907602	46926300	46959771
21	85424	85524	rs4311136	rs9647239	46961903	47012453
21	85527	85560	rs11089016	rs13051580	47014657	47026063
21	85563	86435	rs928312	rs8127526	47028161	47391387
21	86436	86443	rs4819178	rs8128707	47391543	47392733
21	86444	86451	rs1005467	rs3804038	47392954	47393836
21	86452	86506	rs80290155	rs11702175	47393909	47410379
21	86507	86706	rs201910945	rs2839093	47410401	47469221
21	86707	86710	rs9978850	rs9981741	47469827	47470459
21	86711	86750	rs13048798	rs200405838	47470612	47475473
21	86751	86897	rs78709959	rs11700987	47475482	47491264
21	86899	86914	rs73159671	rs58059887	47493656	47496866
21	86915	86919	rs4819198	rs62213131	47497510	47498280
21	86923	86979	rs61042748	rs9982178	47500830	47514916
21	86981	86982	rs869087	rs4819199	47515645	47515994
21	86984	87154	rs2156431	rs725976	47516540	47557880
21	87157	87158	rs1047179	rs61735841	47558473	47558552
21	87159	87160	rs60525628	rs62214031	47558586	47558591
21	87162	87171	rs55978031	rs72497653	47559348	47560210
21	87172	87179	rs61584630	rs9982796	47560565	47561317
21	87181	87183	rs4819205	rs4818824	47561800	47562232
21	87184	87197	rs200411517	rs59200770	47562333	47563363
21	87198	87214	rs73161656	rs17004505	47563962	47571209
21	87215	87216	rs61729391	rs4819208	47571845	47572244
21	87219	87222	rs2839127	rs7279849	47573550	47574463
21	87223	87224	rs1556339	rs28413731	47574799	47574836
21	87225	88905	rs1556340	rs2300411	47574960	48062673
21	88906	88986	rs76687399	rs200775875	48063082	48108278
21	88988	88992	rs201322600	rs149048580	48114083	48119634
