chr	start.index	end.index	start.rsID	end.rsID	start.bp	end.bp
21	1	45	rs78200054	rs546373346	9411410	9442175
21	48	49	rs556038829	rs372796018	9448237	9448874
21	55	57	rs368741731	rs370881841	9456045	9456326
21	63	69	rs576309716	rs558507375	9467086	9471670
21	72	84	rs74477762	rs568399916	9473159	9477955
21	85	87	rs553581438	rs534680183	9478024	9478027
21	88	89	rs189403754	rs562036486	9479686	9479702
21	90	91	rs537179246	rs145077806	9483297	9483659
21	92	98	rs371191807	rs183964216	9484839	9489447
21	99	103	rs143995096	rs373788636	9489513	9489703
21	104	111	rs147740501	rs374034966	9491375	9496408
21	112	113	rs373213682	rs377470064	9498191	9498193
21	115	117	rs138132461	rs372152129	9498720	9498724
21	122	123	rs143986423	rs376868439	9505908	9505960
21	127	128	rs562699513	rs531794488	9509987	9509988
21	129	130	rs79827568	rs77838989	9510482	9510483
21	133	142	rs372671008	rs376837409	9513829	9524068
21	143	152	rs376119510	rs367735759	9524141	9525506
21	153	155	rs374677003	rs78297484	9526736	9527456
21	156	157	rs372856111	rs377295883	9527632	9527640
21	164	165	rs535279267	rs375085868	9537963	9537964
21	166	167	rs545295408	rs564885813	9538267	9538268
21	168	174	rs372266282	rs368109465	9538272	9541294
21	180	181	rs370585618	rs370950715	9543982	9544100
21	182	188	rs558160975	rs71233187	9547190	9549009
21	191	192	rs536422311	rs556740018	9549614	9549615
21	198	199	rs370330570	rs375266867	9551883	9551884
21	200	202	rs562685045	rs544837208	9552050	9552054
21	203	204	rs189168059	rs181888158	9552124	9552125
21	208	225	rs560127996	rs76343155	9555825	9573718
21	226	261	rs376200685	rs71224602	9574062	9592893
21	270	271	rs78008576	rs76379973	9646689	9646690
21	273	275	rs74770408	rs78109086	9648000	9648104
21	280	293	rs79549209	rs372373359	9652503	9660206
21	300	301	rs79788884	rs79016859	9662572	9662585
21	302	318	rs377306861	rs77383427	9662634	9668934
21	322	323	rs77782252	rs75434219	9671017	9671019
21	331	355	rs376129107	rs370907059	9678948	9691507
21	359	361	rs368558230	rs536642843	9695781	9695816
21	363	365	rs555556284	rs544607682	9696141	9696210
21	371	372	rs369953750	rs543330326	9700730	9700734
21	376	377	rs369796797	rs373503802	9702262	9702265
21	378	379	rs372287485	rs576379466	9702345	9702346
21	384	385	rs545047818	rs371260138	9703754	9704093
21	389	390	rs374591161	rs375850303	9716835	9716855
21	394	400	rs79178122	rs376073966	9724174	9727504
21	414	415	rs373643219	rs536028472	9768544	9768643
21	416	417	rs372595965	rs368183483	9768697	9768747
21	424	427	rs559567833	rs71236670	9827521	9827857
21	428	608	rs78950251	rs7692199	9827874	9908330
21	610	612	rs182690990	rs185468887	9910262	9910296
21	613	739	rs563562962	rs143826215	9910445	9944586
21	740	742	rs367630145	rs376485706	9945532	9946102
21	744	746	rs368029614	rs182450138	9947580	9949412
21	752	755	rs369377913	rs530353042	9951037	9952751
21	756	757	rs558997272	rs186554803	9954512	9954524
21	758	759	rs189820349	rs550099610	9955015	9955585
21	760	764	rs369439797	rs144962407	9955756	9956292
21	765	766	rs369030071	rs376609219	9956468	9956474
21	771	774	rs553377880	rs557022898	9959009	9959421
21	777	789	rs370402811	rs147807743	9960043	9972897
21	792	793	rs373405162	rs368323051	9978423	9978998
21	795	796	rs550923796	rs373994453	9983144	9983438
21	799	800	rs564612246	rs533350188	9987288	9987289
21	802	806	rs368442178	rs372828473	9987432	9988037
21	807	809	rs369766960	rs370518976	9988907	9989196
21	814	816	rs368522818	rs187321629	9994652	9996814
21	818	825	rs368959345	rs367668837	9996966	9997898
21	835	842	rs371739540	rs373006350	10009196	10014572
21	847	851	rs369761112	rs374373576	10024476	10031831
21	852	859	rs373726865	rs558272230	10085418	10087068
21	861	863	rs372753141	rs376166087	10092931	10101514
21	871	874	rs578161237	rs573941384	10141532	10141535
21	882	883	rs371361364	rs376232428	10187291	10187293
21	886	887	rs374403603	rs557740289	10200902	10200903
21	890	899	rs547078259	rs368939251	10205434	10210279
21	900	903	rs527858118	rs368117819	10370644	10374201
21	909	910	rs374145032	rs368663717	10405994	10405997
21	913	952	rs4109684	rs77236540	10410762	10482949
21	956	965	rs3879200	rs75375272	10494603	10517910
21	970	971	rs374459969	rs557407062	10525343	10525346
21	973	1000	rs565900170	rs2104746	10525848	10577055
21	1002	1041	rs71229419	rs78204587	10580489	10642010
21	1049	1691	rs112954616	rs10439883	10698707	10970978
21	1694	1695	rs469955	rs469954	10973329	10973330
21	1701	2256	rs469691	rs1807615	10989620	11186346
21	2261	2298	rs465421	rs7278218	14340641	14384071
21	2300	2301	rs455700	rs458132	14388613	14388614
21	2302	2303	rs456911	rs464834	14389558	14389559
21	2306	2307	rs12483449	rs12481833	14392518	14392519
21	2309	2310	rs142570921	rs71209559	14392740	14392741
21	2311	2312	rs75007102	rs57752579	14392762	14392763
21	2320	2321	rs458281	rs458425	14396348	14396349
21	2329	2374	rs455460	rs62218452	14405567	14446750
21	2380	2381	rs2775456	rs148236125	14473729	14474056
21	2382	2662	rs541822048	rs11909027	14474129	14711478
21	2663	2668	rs2699291	rs2831407	14711530	14713194
21	2669	3223	rs2821808	rs9647206	14713941	14956938
21	3225	3256	rs7278824	rs549044823	14957391	15012077
21	3257	3283	rs568883905	rs62211859	15012081	15027835
21	3287	3288	rs7275964	rs7276264	15090177	15090335
21	3289	3291	rs71215248	rs56034639	15126977	15136191
21	3292	3306	rs7282370	rs117212750	15152923	15155657
21	3307	3311	rs62208755	rs67664315	15164647	15167527
21	3312	3316	rs75183532	rs114956511	15169955	15181318
21	3322	3452	rs183093861	rs143784169	15199615	15227318
21	3453	3465	rs3115481	rs72490160	15227408	15230324
21	3466	3477	rs117673947	rs12329772	15230487	15231192
21	3479	3480	rs4818647	rs150986252	15231271	15231531
21	3482	3483	rs3115485	rs9980131	15232046	15232126
21	3485	3498	rs11702353	rs3115490	15232782	15236578
21	3499	3787	rs13049292	rs2822234	15236667	15279299
21	3800	3806	rs2822240	rs3115455	15280812	15282428
21	3808	3810	rs439732	rs423681	15283127	15283458
21	3811	4059	rs149452652	rs28448527	15284507	15323716
21	4063	4106	rs4818704	rs2822342	15325107	15336621
21	4110	4120	rs71330948	rs59271677	15339745	15342905
21	4123	4124	rs8128952	rs62208206	15345167	15345168
21	4128	4137	rs114410867	rs441872	15347091	15351299
21	4138	4437	rs56270809	rs7282231	15352253	15448818
21	4438	4449	rs75705057	rs62209932	15448820	15450190
21	4450	4458	rs62209933	rs35823367	15450723	15452853
21	4460	4837	rs2403727	rs2822435	15452975	15526026
21	4839	4846	rs13051215	rs13046576	15526434	15530959
21	4847	5041	rs13046585	rs451665	15531008	15585209
21	5042	5045	rs369229	rs448172	15585377	15586680
21	5047	5049	rs56113127	rs382583	15588775	15589167
21	5050	5055	rs2058461	rs13047381	15589279	15591142
21	5056	5067	rs437521	rs389493	15591689	15594495
21	5068	5080	rs386445	rs55922129	15594629	15596282
21	5082	5160	rs379724	rs369923	15596683	15605774
21	5161	5204	rs2822471	rs78239671	15605856	15611006
21	5205	5206	rs73158795	rs73158796	15611033	15611048
21	5214	5263	rs410757	rs926882	15611644	15617584
21	5266	5317	rs369663	rs396735	15618247	15627159
21	5318	5368	rs371833	rs28399047	15627384	15632623
21	5369	5413	rs375484	rs453571	15632656	15637957
21	5416	5522	rs4816269	rs2822550	15638434	15656688
21	5525	5546	rs1153303	rs2822554	15657711	15663291
21	5547	5559	rs1153307	rs1297123	15664251	15667766
21	5560	5561	rs1297122	rs1297121	15667818	15667833
21	5563	5564	rs73159977	rs2822556	15668033	15668384
21	5565	5566	rs11702211	rs9305284	15669405	15669425
21	5568	5569	rs1153309	rs1153310	15670066	15670668
21	5571	5580	rs2822557	rs116919037	15671024	15673615
21	5582	5583	rs1153314	rs1153315	15674232	15674596
21	5587	5588	rs1297117	rs1297116	15675741	15675794
21	5589	5642	rs1297115	rs2822565	15675944	15687005
21	5643	5648	rs1153334	rs2822566	15687121	15688033
21	5651	5652	rs887771	rs887770	15690083	15690085
21	5653	5664	rs79770746	rs9980502	15690144	15692539
21	5667	5673	rs62228727	rs8129676	15693680	15694201
21	5674	5850	rs1297151	rs4817140	15694277	15727339
21	5852	6024	rs2403771	rs80264525	15728797	15807200
21	6025	6030	rs62229719	rs6516777	15807246	15812603
21	6031	6032	rs7281233	rs7281518	15812925	15813095
21	6033	6091	rs62229723	rs2822672	15813538	15840827
21	6094	6095	rs73171335	rs719074	15842224	15842237
21	6098	6121	rs2822676	rs2822689	15844481	15854413
21	6123	6125	rs2822691	rs80156388	15855430	15855466
21	6127	6128	rs2822693	rs2822694	15856974	15857013
21	6132	6147	rs3746826	rs10854315	15858559	15863974
21	6150	6161	rs116136	rs2274796	15865123	15870638
21	6162	6226	rs28385569	rs2822732	15872032	15897929
21	6229	6256	rs35778413	rs28647773	15898254	15902679
21	6260	6319	rs2822754	rs62227199	15906590	15928370
21	6321	6380	rs9980490	rs3930263	15929682	15949933
21	6381	6382	rs7276949	rs112452390	15950781	15950842
21	6383	6410	rs4817266	rs7280564	15951414	15959073
21	6414	6415	rs419430	rs410429	15960048	15960091
21	6417	6436	rs62227219	rs459526	15960230	15964278
21	6438	6439	rs2822804	rs467140	15965822	15965927
21	6440	6508	rs460852	rs421894	15966421	16008560
21	6509	6606	rs457033	rs9808806	16009172	16043928
21	6608	6609	rs2822826	rs11909391	16045615	16045713
21	6611	6647	rs388522	rs3900478	16046214	16057300
21	6649	6659	rs988831	rs960479	16057936	16060592
21	6661	6662	rs467116	rs466702	16062725	16063389
21	6664	6828	rs12626958	rs2822872	16063744	16091027
21	6829	6831	rs9989936	rs460014	16091186	16091441
21	6832	6995	rs458052	rs2822906	16091692	16134783
21	6997	7000	rs2244991	rs11702010	16136170	16137222
21	7002	7018	rs2822908	rs8129531	16137349	16139324
21	7021	7023	rs2178898	rs2822916	16140347	16140490
21	7024	7025	rs7280295	rs2822917	16140532	16140534
21	7027	7278	rs4490276	rs926130	16140918	16214917
21	7282	7321	rs75418177	rs2822965	16217227	16241868
21	7324	7367	rs35007911	rs909389	16242551	16255960
21	7369	7392	rs74201856	rs9982221	16257288	16282869
21	7396	7405	rs2822981	rs2245411	16288177	16297181
21	7406	7424	rs17274722	rs2736083	16298530	16314731
21	7427	7435	rs2253363	rs11088231	16318226	16325570
21	7436	7437	rs2776040	rs2251643	16325988	16327357
21	7439	7463	rs1297211	rs7277779	16328956	16343676
21	7464	7469	rs13050325	rs2736087	16343812	16346034
21	7471	7472	rs2736089	rs185041302	16347460	16347990
21	7473	7611	rs909385	rs9982976	16349257	16435223
21	7613	7614	rs13049809	rs2223043	16438779	16438793
21	7615	7658	rs8132765	rs2039239	16439646	16451439
21	7659	7661	rs975336	rs77235895	16451845	16452056
21	7662	7669	rs996687	rs2244221	16452352	16455128
21	7675	7743	rs74363402	rs2026849	16456314	16486626
21	7744	7746	rs2026850	rs8126783	16486886	16487408
21	7747	7749	rs145732962	rs141594153	16487463	16487467
21	7753	7754	rs2026851	rs6517231	16488347	16488420
21	7755	7837	rs2823070	rs2049880	16488615	16517891
21	7839	7945	rs2007783	rs7275196	16518524	16560378
21	7946	7970	rs2823126	rs11088317	16561704	16574122
21	7971	7974	rs2403907	rs2823137	16574455	16575042
21	7978	7986	rs73184544	rs56038390	16577549	16582710
21	7988	8015	rs2823145	rs11909130	16583092	16591744
21	8016	8130	rs2823160	rs9305574	16592778	16641226
21	8131	8159	rs8128542	rs34759635	16644197	16660769
21	8163	8224	rs2823208	rs4817800	16663525	16689605
21	8225	8232	rs8129151	rs9982060	16689782	16694048
21	8237	8346	rs75882570	rs1297253	16696167	16772982
21	8349	8351	rs2823253	rs13052469	16781136	16782815
21	8352	8406	rs2823254	rs2403967	16783083	16798463
21	8411	8417	rs7282047	rs17209200	16799673	16802554
21	8418	8495	rs1736013	rs34838968	16804330	16840049
21	8496	8498	rs2823289	rs2823290	16841195	16841303
21	8500	8502	rs12627419	rs79755775	16843157	16843476
21	8503	8546	rs78859673	rs6650845	16844033	16868442
21	8552	8759	rs2776049	rs11700908	16870438	16931173
21	8762	8765	rs2242842	rs8129285	16931537	16933015
21	8768	8801	rs9975051	rs7281601	16934564	16943758
21	8802	8807	rs146238536	rs13046619	16944015	16946342
21	8808	8867	rs13046167	rs56331926	16946634	16962086
21	8868	8870	rs77493355	rs73177205	16962691	16966758
21	8871	8898	rs8134158	rs2823392	16967911	16994262
21	8901	8946	rs4496400	rs2242859	16998011	17011441
21	8950	8951	rs4613369	rs2823412	17015646	17016271
21	8952	8980	rs9974948	rs1158634	17017412	17029017
21	8981	9026	rs726634	rs979155	17030877	17054861
21	9029	9041	rs17241367	rs57799123	17056144	17061345
21	9044	9047	rs2823452	rs969750	17063570	17066268
21	9049	9387	rs2823454	rs409901	17066676	17305510
21	9388	9389	rs448209	rs117988969	17306649	17308629
21	9393	9396	rs1297328	rs8129104	17311444	17312072
21	9397	9465	rs11088557	rs79211776	17314193	17348264
21	9466	9467	rs2823527	rs2823528	17348568	17348705
21	9468	9472	rs2823529	rs375736	17349273	17351007
21	9473	9480	rs73187454	rs13048130	17351758	17354691
21	9482	9561	rs392123	rs11088561	17354842	17380633
21	9562	9641	rs2823546	rs7281157	17381295	17409410
21	9642	9654	rs2823577	rs2823582	17410937	17415135
21	9655	9675	rs8132376	rs2823588	17416393	17432845
21	9679	9749	rs9982603	rs995078	17434266	17511329
21	9755	9818	rs13049685	rs238948	17523330	17559890
21	9819	9832	rs2823630	rs238961	17560799	17570360
21	9835	9868	rs2823637	rs1492953	17572568	17587788
21	9869	9938	rs16994668	rs2823679	17588850	17613068
21	9939	9940	rs8131686	rs2823682	17614310	17614464
21	9941	9945	rs238981	rs238993	17615685	17618519
21	9946	10016	rs1786836	rs13048738	17621327	17651306
21	10017	10019	rs239048	rs12482977	17654125	17655042
21	10020	10057	rs28483187	rs28461914	17657556	17668625
21	10061	10076	rs1449516	rs144850985	17670775	17685575
21	10082	10088	rs239068	rs239073	17693767	17695593
21	10089	10091	rs239074	rs239017	17696603	17698324
21	10092	10106	rs239018	rs8126945	17699026	17707387
21	10107	10130	rs138570010	rs78505093	17707513	17724242
21	10131	10133	rs376000106	rs184550207	17725600	17725610
21	10135	10140	rs2823755	rs2849869	17726926	17729193
21	10142	10143	rs534762380	rs548671683	17732252	17732254
21	10144	10160	rs429601	rs416521	17732985	17740321
21	10163	10206	rs1786014	rs8132563	17743233	17750965
21	10207	10301	rs240462	rs719216	17752828	17774476
21	10302	10489	rs11088583	rs73195925	17774533	17827995
21	10490	10491	rs2039241	rs2823819	17828046	17828291
21	10492	10495	rs73195926	rs8129337	17828683	17829364
21	10496	10513	rs8126961	rs2404135	17833533	17883439
21	10514	10551	rs12483106	rs8127633	17884429	17929100
21	10555	10557	rs11702768	rs62222219	17930405	17930838
21	10558	10580	rs2000625	rs2823895	17933782	17953516
21	10584	10596	rs2823899	rs28856427	17966115	17987338
21	10598	10599	rs4818270	rs4818273	17989068	17989345
21	10600	10638	rs12482916	rs9979263	17990995	18002498
21	10639	10640	rs79218154	rs1158398	18002534	18002609
21	10642	10643	rs2823919	rs4239814	18003257	18003265
21	10644	10678	rs6517705	rs9647080	18003512	18011447
21	10680	10683	rs9979976	rs2896764	18011945	18012490
21	10684	10811	rs13050616	rs975530	18012810	18049540
21	10813	10814	rs2823968	rs7279289;rs557619502	18050085	18050165
21	10815	10816	rs2823969	rs2823971	18050284	18050343
21	10818	10819	rs11701434	rs34558736	18051260	18052483
21	10821	10930	rs11909307	rs62221699	18054189	18094253
21	10934	11108	rs35526923	rs2404437	18097281	18181461
21	11109	11114	rs2824060	rs62223895	18182683	18186957
21	11116	11117	rs28663022	rs73384962	18190421	18191037
21	11118	11121	rs2037946	rs2896854	18191248	18193116
21	11122	11123	rs11910170	rs78001836	18194592	18194744
21	11125	11192	rs978008	rs2178914	18195168	18221003
21	11194	11299	rs2150377	rs67862992	18222860	18270570
21	11300	11331	rs433995	rs2824117	18270948	18284079
21	11332	11333	rs9974709	rs2824118	18284420	18284531
21	11335	11351	rs2824120	rs73372709	18285200	18288365
21	11352	11353	rs112154591	rs112805339	18288666	18288783
21	11354	11382	rs143986552	rs2404441	18288801	18291326
21	11383	11624	rs139732165	rs7275813	18291337	18353699
21	11625	11654	rs73193478	rs2824162	18356323	18365614
21	11655	11749	rs1475573	rs17001474	18366959	18395847
21	11750	11771	rs2205311	rs2142263	18396092	18410754
21	11772	11927	rs145783395	rs2824226	18411438	18457828
21	11929	11930	rs142124362	rs1893640	18460298	18460388
21	11932	11933	rs2824227	rs2223079	18461216	18461843
21	11934	12030	rs17276639	rs2824242	18462068	18512554
21	12031	12196	rs62222142	rs2096564	18513884	18556451
21	12200	12441	rs74484264	rs172135	18557355	18632874
21	12442	12445	rs2824268	rs973989	18633334	18636161
21	12447	12737	rs2824271	rs7280074	18638247	18730245
21	12738	12739	rs206996	rs206997	18730681	18730688
21	12740	12744	rs980142	rs206998	18731623	18733317
21	12748	12751	rs2051350	rs2051354	18734250	18734993
21	12752	12844	rs9305806	rs137872442	18735150	18768959
21	12845	12848	rs17754415	rs208876	18768996	18770484
21	12849	12856	rs208877	rs8129038	18770700	18775027
21	12859	12860	rs2824287	rs141023288	18777665	18779618
21	12861	12912	rs2824288	rs13050588	18780383	18799748
21	12913	12929	rs208923	rs208935	18800052	18801931
21	12930	12932	rs7281024	rs208936	18802041	18802292
21	12933	12936	rs733951	rs35739539	18802848	18803733
21	12938	12962	rs144667940	rs13048555	18804942	18810795
21	12963	12968	rs208889	rs208894	18812061	18814568
21	12969	12981	rs208895	rs2824304	18815301	18819942
21	12983	12986	rs17754807	rs2824310	18821866	18822174
21	12990	12996	rs112650045	rs2824312	18823024	18824403
21	13004	13020	rs2824315	rs9974407	18825927	18829473
21	13024	13044	rs1888406	rs2824323	18830622	18835791
21	13047	13071	rs2824324	rs928247	18836954	18844860
21	13073	13161	rs7281139	rs1691329	18847756	18877963
21	13165	13168	rs2776069	rs2849889	18880208	18884869
21	13169	13201	rs2739389	rs34922462	18885168	18903756
21	13204	13340	rs2824337	rs62239944	18905398	18948232
21	13346	13348	rs211962	rs2776077	18951922	18953150
21	13349	13359	rs17694166	rs9808661	18953410	18957814
21	13362	13383	rs12329923	rs9974720	18958681	18982629
21	13384	13385	rs75509652	rs79324455	18986062	18986063
21	13386	13397	rs928248	rs12627143	18986727	18990912
21	13398	13476	rs12481909	rs35963263	18991425	19039131
21	13482	13532	rs62241780	rs928249	19041583	19055268
21	13533	13535	rs928250	rs59111505	19055530	19056186
21	13537	13751	rs7279423	rs2824461	19056462	19101049
21	13752	13754	rs1003656	rs2824462	19101693	19102385
21	13755	13756	rs7276106	rs7280031	19103258	19103279
21	13758	13806	rs2032289	rs243575	19105345	19130219
21	13807	13808	rs243576	rs243578	19131238	19131877
21	13809	13810	rs243579	rs11701256	19132614	19132932
21	13813	13817	rs28483951	rs78818610	19134765	19135498
21	13820	13836	rs9975340	rs11504939	19138565	19145932
21	13837	13838	rs9975524	rs142167349	19145954	19147069
21	13840	13848	rs6517789	rs243583	19148545	19150803
21	13849	13850	rs243584	rs243585	19151566	19151940
21	13852	13854	rs12483710	rs4818382	19153743	19153838
21	13855	13928	rs243587	rs117354289	19154417	19194116
21	13933	13936	rs243558	rs62212950	19196132	19197465
21	13937	14056	rs12482135	rs17768396	19198985	19253526
21	14059	14060	rs2824531	rs11088658	19254879	19254952
21	14061	14110	rs2824532	rs741908	19255670	19285768
21	14112	14113	rs2178943	rs7276331	19286918	19287365
21	14114	14211	rs7280490	rs197545	19287750	19331377
21	14215	14217	rs962868	rs200799	19332797	19332852
21	14218	14219	rs200800	rs200801	19333097	19333646
21	14220	14361	rs200802	rs2824601	19334090	19381132
21	14362	14363	rs2824602	rs149785	19381430	19381679
21	14364	14453	rs158074	rs12626847	19381930	19413099
21	14458	14463	rs158041	rs209277	19415652	19421248
21	14466	14467	rs3097170	rs2824615	19422865	19422940
21	14468	14486	rs2824616	rs204015	19423145	19430935
21	14487	14495	rs204016	rs154738	19431089	19432500
21	14497	14630	rs207800	rs2205308	19432853	19479888
21	14633	14635	rs9305840	rs34009431	19481213	19481297
21	14636	14663	rs2055012	rs205673	19481308	19487416
21	14664	14689	rs2824630	rs6517796	19487468	19493598
21	14692	14739	rs1491785	rs73200976	19493759	19505571
21	14741	14801	rs2824646	rs2824665	19506651	19529714
21	14805	14856	rs9983581	rs76104269	19532196	19546955
21	14857	14859	rs9976823	rs2178915	19547803	19548232
21	14860	14867	rs1546827	rs2824684	19549809	19551284
21	14868	14869	rs2824685	rs2824686	19551628	19551723
21	14870	14895	rs78711553	rs2824694	19551756	19558861
21	14897	14917	rs2824696	rs75025755	19560888	19565656
21	14921	14926	rs4635606	rs8134103	19567725	19569713
21	14929	14989	rs8133890	rs9984040	19570607	19602578
21	14990	15020	rs28667141	rs9983595	19604547	19627298
21	15021	15085	rs2824711	rs1023127	19630665	19655051
21	15087	15096	rs8132055	rs78129836	19655999	19658645
21	15098	15152	rs7279594	rs1540000	19659074	19666901
21	15154	15207	rs13047771	rs73212037	19667126	19683216
21	15210	15215	rs28637313	rs1999289	19684076	19685992
21	15220	15222	rs76487230	rs60764030	19687783	19687806
21	15225	15269	rs57837813	rs2824744	19688786	19702140
21	15272	15278	rs1474821	rs9980774	19702699	19705937
21	15279	15296	rs2824745	rs13050848	19706762	19712441
21	15300	15335	rs2824752	rs2824760	19714125	19722128
21	15336	15338	rs1475893	rs13052606	19722191	19722546
21	15343	15407	rs78407761	rs2824796	19723742	19761796
21	15408	15410	rs2824797	rs750084	19762360	19762834
21	15412	15442	rs68017657	rs2210231	19764449	19781891
21	15443	15455	rs9984755	rs7276258	19782577	19786898
21	15457	15583	rs8130666	rs13046294	19787344	19819884
21	15587	15762	rs2824838	rs2824900	19824426	19893408
21	15766	15768	rs1740179	rs2824905	19899801	19903166
21	15769	15818	rs2824906	rs1630912	19907532	19924896
21	15825	15835	rs983475	rs2210230	19926493	19928033
21	15836	15838	rs2142419	rs2142420	19928069	19928371
21	15839	16012	rs2406338	rs13050488	19929628	20010796
21	16013	16015	rs35880871	rs12483440	20012125	20012671
21	16017	16084	rs2064042	rs2824984	20013276	20042430
21	16087	16089	rs28807201	rs55897118	20044236	20045615
21	16090	16106	rs73204172	rs6517826	20048048	20058598
21	16109	16492	rs1041409	rs13050557	20059626	20128739
21	16493	16495	rs59149575	rs8128604	20128747	20128840
21	16496	16502	rs8129956	rs149710662	20129116	20129557
21	16503	16514	rs8134564	rs34779495	20129929	20132104
21	16515	16557	rs9984345	rs2032295	20133449	20144400
21	16558	16714	rs2032296	rs2825174	20144540	20198061
21	16715	16720	rs2825175	rs8131867	20199390	20199824
21	16721	16727	rs1159082	rs2032292	20199970	20201119
21	16728	16729	rs2032293	rs2825179	20201482	20201775
21	16732	17073	rs8130151	rs9976396	20202110	20251287
21	17074	17117	rs7282574	rs371802	20251449	20279767
21	17119	17264	rs2825226	rs461411	20282174	20320201
21	17266	17271	rs8134855	rs457662	20320954	20326726
21	17272	17289	rs465237	rs2825239	20329213	20336215
21	17290	17362	rs73198673	rs7275473	20337060	20358418
21	17363	17364	rs75744194	rs4487175	20358771	20359181
21	17365	17367	rs4425176	rs60455451	20359427	20360080
21	17368	17523	rs13047206	rs2825293	20360139	20404000
21	17528	17533	rs2825296	rs7276718	20404917	20407289
21	17535	17537	rs2103500	rs2056889	20407555	20407621
21	17544	17560	rs79778588	rs762006	20408917	20410380
21	17561	17637	rs8127145	rs4170	20412631	20432638
21	17640	17641	rs11910760	rs11909896	20433746	20433791
21	17642	17703	rs2025059	rs2406886	20434569	20466682
21	17704	18293	rs73202788	rs148206150	20466749	20702516
21	18296	18337	rs8130172	rs2825531	20703610	20722633
21	18340	18532	rs856164	rs2407125	20724483	20827282
21	18535	18538	rs68042193	rs7278803	20827898	20829899
21	18539	18550	rs10084606	rs2825591	20829922	20834561
21	18552	18756	rs8128833	rs11908955	20835073	20909902
21	18757	18773	rs12626734	rs191963	20910280	20918508
21	18775	18776	rs9977792	rs9979010	20919209	20919364
21	18777	18794	rs55963238	rs116305105	20919365	20922716
21	18795	18859	rs2220513	rs2825649	20923098	20938669
21	18860	18898	rs28520635	rs73318470	20939821	20960463
21	18900	19074	rs9984032	rs2825710	20961202	21022840
21	19079	19080	rs35263974	rs71321731	21024816	21024845
21	19081	19157	rs55658406	rs2825739	21025129	21054839
21	19158	19169	rs59507442	rs7276620	21055564	21057026
21	19173	19594	rs11088751	rs12626558	21057717	21206029
21	19595	19596	rs2825856	rs2825857	21206661	21206794
21	19597	19598	rs62224374	rs12172913	21207935	21208597
21	19599	19895	rs12483367	rs73215555	21208724	21314022
21	19897	20032	rs371284	rs75208681	21314447	21387497
21	20034	20063	rs59087821	rs17789857	21388106	21395178
21	20066	20108	rs2825959	rs7279915	21396895	21425894
21	20112	20113	rs2825977	rs4358213	21426885	21426893
21	20114	20221	rs12106459	rs4818543	21428478	21458495
21	20229	20319	rs2212874	rs2040207	21462233	21503469
21	20320	20322	rs2040208	rs2826026	21503594	21504215
21	20323	20325	rs11088781	rs2826029	21504785	21505322
21	20326	20328	rs2826030	rs2826032	21505660	21505770
21	20331	20392	rs143009564	rs9984284	21506300	21532319
21	20394	20430	rs6517928	rs11088783	21533104	21548702
21	20434	20436	rs2826061	rs61649259	21553229	21554152
21	20437	20531	rs2826062	rs2255733	21554389	21587615
21	20534	20548	rs957479	rs35570025	21588380	21594273
21	20549	20584	rs12626433	rs72631982	21594324	21603270
21	20589	20618	rs12481900	rs62221269	21608209	21620786
21	20622	20631	rs62221270	rs62221275	21622969	21625899
21	20633	20635	rs112838909	rs13046424	21626726	21628629
21	20636	20648	rs9977070	rs147511057	21629167	21634724
21	20649	20651	rs4818561	rs12329645	21635038	21636979
21	20652	20662	rs1487931	rs1977938	21637605	21641735
21	20664	20665	rs2826119	rs2826120	21643854	21643859
21	20667	20668	rs77378993	rs2826122	21644698	21644798
21	20669	20670	rs1386756	rs9984539	21645381	21645593
21	20671	20672	rs200284857	rs111549581	21646881	21646916
21	20675	20679	rs9976645	rs80121083	21647972	21648498
21	20680	20934	rs2826124	rs965902	21649174	21720145
21	20937	21056	rs1487938	rs11701736	21723458	21759439
21	21059	21060	rs2826221	rs6517945	21761586	21762162
21	21061	21062	rs2826222	rs2142423	21762443	21762521
21	21064	21086	rs2826224	rs13049466	21763126	21774440
21	21088	21096	rs56266754	rs10211917	21775676	21777998
21	21097	21098	rs11088802	rs12482121	21778558	21778576
21	21099	21140	rs12483617	rs7279335	21779005	21799765
21	21141	21142	rs2826250	rs9647215	21800298	21800698
21	21143	21156	rs2826251	rs28571658	21800805	21804781
21	21158	21159	rs1786353	rs1786355	21806008	21806127
21	21161	21162	rs1735913	rs1735912	21806388	21806442
21	21163	21249	rs73223210	rs1735889	21806445	21815683
21	21250	21251	rs57698868	rs13052452	21815948	21815968
21	21254	21255	rs1735888	rs2826254	21816449	21816578
21	21256	21257	rs1735886	rs2826255	21816786	21816809
21	21259	21273	rs2826258	rs61280705	21817381	21819509
21	21275	21753	rs1618905	rs4583544	21820722	21879776
21	21757	21758	rs8126597	rs6517970	21880086	21880158
21	21759	21779	rs8131148	rs928859	21880191	21886218
21	21781	21833	rs2014262	rs9974418	21889603	21906697
21	21834	21835	rs9305960	rs9305961	21906974	21906975
21	21838	21845	rs7510412	rs2826359	21907247	21907533
21	21847	21858	rs2000679	rs76054242	21908029	21911444
21	21860	21915	rs113962219	rs2826380	21911827	21920607
21	21916	21927	rs8129559	rs74983346	21920791	21923367
21	21931	21933	rs2826387	rs2826389	21925873	21926377
21	21934	21935	rs2826390	rs2826391	21927356	21927617
21	21936	22037	rs2826392	rs8134729	21928007	21974862
21	22038	22039	rs76321333	rs7279931	21975834	21975848
21	22040	22083	rs9982005	rs70431	21976660	21990601
21	22085	22087	rs1482421	rs1351600	21991761	21991885
21	22089	22092	rs229413	rs139146626	21994592	22001388
21	22093	22094	rs229431	rs229432	22004301	22005086
21	22096	22100	rs229440	rs229445	22008568	22010695
21	22102	22415	rs229447	rs229468	22010949	22071679
21	22418	22419	rs8127915	rs8129001	22073572	22073607
21	22420	22422	rs8129266	rs12481776	22073757	22073809
21	22423	22427	rs60210880	rs2840209	22074318	22075732
21	22429	22442	rs229368	rs59386069	22078117	22081554
21	22443	22501	rs9980329	rs28655035	22081596	22106300
21	22502	22506	rs56095761	rs464692	22107557	22110406
21	22507	22724	rs7283057	rs11908819	22111707	22162326
21	22725	22739	rs2826520	rs2826521	22162833	22172268
21	22741	22746	rs61143761	rs8126602	22173903	22179707
21	22747	22748	rs2826524	rs11910376	22181799	22181904
21	22749	22751	rs2826525	rs2186867	22182094	22182590
21	22754	22783	rs2826527	rs9975893	22186040	22189881
21	22784	22787	rs117257159	rs4816834	22189963	22190177
21	22788	22795	rs8128284	rs4816835	22190494	22193289
21	22797	22800	rs9975997	rs2826546	22195937	22197073
21	22805	22960	rs9637120	rs2826600	22200200	22270748
21	22963	22970	rs73222671	rs7276707	22272140	22277501
21	22971	23038	rs9305988	rs2826612	22278265	22313400
21	23041	23043	rs2826614	rs1735371	22315071	22316275
21	23044	23047	rs2826615	rs1735373	22316712	22317350
21	23048	23190	rs1783279	rs35404160	22318406	22368184
21	23194	23195	rs7510019	rs4818592	22371932	22372085
21	23196	23200	rs8184921	rs4818593	22372723	22379885
21	23201	23297	rs147006585	rs34940461	22379917	22422419
21	23299	23300	rs8126872	rs6518059	22424004	22425770
21	23301	23307	rs8128372	rs7510001	22427475	22433292
21	23309	23394	rs7276135	rs9647219	22433829	22454087
21	23396	23475	rs9984695	rs8131387	22454308	22483568
21	23477	23507	rs17003811	rs9975924	22483987	22498773
21	23508	23509	rs13052437	rs1015074	22499765	22499905
21	23510	23512	rs115090797	rs2826665	22500564	22501231
21	23514	23515	rs71321781	rs2826667	22502219	22502404
21	23516	23535	rs2826668	rs13048159	22502758	22506417
21	23536	23600	rs2156369	rs2826712	22507518	22525758
21	23602	23680	rs2826713	rs4818607	22529691	22587134
21	23681	23703	rs73228542	rs2826738	22588682	22596219
21	23704	23710	rs8133769	rs78864768	22597336	22601589
21	23711	24289	rs2826740	rs7283430	22602630	22811781
21	24291	24295	rs232410	rs73214492	22813004	22813817
21	24296	24297	rs2826842	rs232414	22814241	22814309
21	24298	24451	rs55723640	rs1380591	22814683	22867087
21	24452	24453	rs1319246	rs62216091	22867178	22868389
21	24454	24482	rs233771	rs2826870	22868864	22879253
21	24483	24484	rs233779	rs13048131	22879687	22880062
21	24485	24493	rs9981968	rs115462216	22880651	22882926
21	24495	24497	rs233783	rs233785	22883278	22883370
21	24502	24530	rs233788	rs2125864	22884233	22895925
21	24531	24532	rs233799	rs233800	22896160	22896253
21	24533	24534	rs233801	rs13049184	22896335	22896615
21	24535	24546	rs7277436	rs9974771	22897405	22900757
21	24547	24954	rs193005793	rs77553375	22901190	23039575
21	24957	25125	rs62216177	rs1735956	23039936	23109591
21	25128	25129	rs1735959	rs2826976	23110022	23110330
21	25130	25131	rs1735960	rs1783406	23111622	23112344
21	25132	25145	rs7509977	rs2826981	23113013	23116959
21	25146	25147	rs1735966	rs1735967	23117706	23117751
21	25148	25158	rs9637144	rs2826982	23118192	23122108
21	25161	25284	rs2826984	rs8131512	23123156	23149250
21	25285	25678	rs34710470	rs2186429	23150031	23267291
21	25679	25680	rs73229369	rs2097026	23267861	23268062
21	25683	25686	rs8132732	rs28664999	23270321	23271132
21	25691	25707	rs7283173	rs56041338	23272525	23275681
21	25712	25773	rs1892781	rs2827136	23277448	23295949
21	25774	25775	rs2827137	rs75031284	23296120	23297020
21	25776	25778	rs4818650	rs2827139	23297046	23298169
21	25779	25833	rs73229399	rs8128017	23298311	23321717
21	25836	25976	rs2827150	rs13050854	23323887	23362256
21	25977	25980	rs13046860	rs34775206	23362412	23362610
21	25982	26012	rs9974919	rs1573448	23363841	23390901
21	26014	26129	rs1892780	rs73220324	23392840	23500005
21	26133	26134	rs9975819	rs9983727	23505563	23505652
21	26135	26239	rs11909620	rs2827275	23507055	23572795
21	26240	26246	rs2827276	rs2827280	23573522	23575522
21	26251	26355	rs2827283	rs62210127	23578794	23631005
21	26358	26376	rs2827313	rs12483190	23633248	23638602
21	26378	26379	rs9977823	rs6518143	23640122	23640566
21	26380	26407	rs2827317	rs2827328	23641015	23647698
21	26408	26410	rs2827329	rs6518145	23648455	23648692
21	26411	26412	rs17004151	rs2244010	23649847	23650356
21	26413	26414	rs2839982	rs2155082	23650638	23650643
21	26415	26716	rs62210139	rs9976502	23651311	23740969
21	26717	26786	rs77394133	rs28485004	23741645	23768540
21	26788	26836	rs34166337	rs11910825	23769265	23783170
21	26838	26848	rs34404613	rs66724113	23784261	23791236
21	26850	26857	rs13048971	rs2014609	23792544	23795193
21	26858	26862	rs743441	rs2827514	23795605	23800198
21	26863	26872	rs144975808	rs13048453	23801656	23806619
21	26873	26943	rs17600315	rs62210438	23809261	23844415
21	26944	26946	rs7278532	rs78281441	23845452	23845818
21	26947	27237	rs73223911	rs1918387	23845968	23964463
21	27239	27243	rs9977931	rs6518165	23965175	23970002
21	27244	27277	rs4467352	rs9979881	23970198	23984543
21	27279	27280	rs9977882	rs12482419	23986788	23987239
21	27281	27282	rs73235130	rs12626803	23988226	23988823
21	27283	27322	rs75374558	rs1849583	23989046	24006766
21	27323	27400	rs1849582	rs35392427	24007772	24053133
21	27403	27496	rs11909431	rs62211036	24056148	24092604
21	27499	27503	rs2827695	rs9984376	24099295	24107414
21	27505	27506	rs13052828	rs13048466	24108644	24108665
21	27509	27510	rs28517560	rs28366882	24117905	24117906
21	27511	27512	rs28461721	rs28727309	24117920	24117921
21	27513	27529	rs116819038	rs1513737	24118052	24166144
21	27530	27531	rs8127947	rs8133157	24166774	24166816
21	27532	27538	rs1513738	rs2827710	24166844	24170860
21	27540	27747	rs35998364	rs1448374	24173006	24261051
21	27748	27749	rs244137	rs2827764	24263448	24266779
21	27750	27759	rs59560124	rs11088942	24268279	24271839
21	27760	27761	rs12626711	rs244141	24271916	24272658
21	27763	27764	rs411071	rs426231	24273505	24273508
21	27766	27768	rs11910954	rs11910658	24273546	24273572
21	27770	27777	rs13052048	rs12626698	24274254	24280224
21	27778	27779	rs244147	rs244148	24281435	24281720
21	27780	28107	rs244149	rs79185796	24282615	24435146
21	28108	28112	rs2827815	rs592929	24436417	24436730
21	28116	28284	rs374008	rs7509992	24437581	24487505
21	28288	28724	rs75600715	rs1380324	24488985	24628113
21	28726	28727	rs2226715	rs2827998	24629064	24629156
21	28728	28730	rs2212673	rs754788	24629254	24629276
21	28731	28799	rs575435364	rs7280410	24630028	24664034
21	28801	28940	rs527396285	rs2828062	24664604	24695869
21	28944	29027	rs2828066	rs62209507	24696665	24729243
21	29029	29041	rs1699987	rs992095	24731837	24736181
21	29042	29116	rs74521534	rs60488573	24736390	24761322
21	29120	29305	rs57546904	rs8133354	24763160	24806916
21	29307	29320	rs2408673	rs1394367	24807411	24809850
21	29321	29322	rs200706	rs2828147	24810187	24810196
21	29324	29326	rs2828149	rs200707	24810506	24810588
21	29327	29524	rs200708	rs9975849	24810659	24857330
21	29526	29764	rs62208201	rs2408740	24859795	24939320
21	29765	29841	rs35710129	rs77849177	24940088	24970862
21	29842	29914	rs79210541	rs62220339	24971023	24983843
21	29915	29936	rs62220340	rs1041811	24984014	24986769
21	29937	30150	rs2828332	rs72631998	24986822	25052758
21	30153	30177	rs2828422	rs149963701	25053918	25064190
21	30178	30179	rs7277268	rs7278573	25064227	25064236
21	30182	30212	rs2828428	rs2828453	25065904	25088141
21	30218	30243	rs2828455	rs2828467	25092482	25100525
21	30244	30245	rs28428823	rs2828468	25100710	25100718
21	30246	30270	rs2828469	rs2828479	25101266	25105389
21	30275	30546	rs12483049	rs207511	25107219	25179250
21	30547	30560	rs146514441	rs2135312	25179298	25184527
21	30561	30659	rs207523	rs34587491	25185129	25219939
21	30663	30735	rs207542	rs2828577	25220667	25245783
21	30737	30739	rs77779725	rs146871098	25246160	25246316
21	30742	30825	rs9980040	rs8131461	25247971	25303030
21	30826	30856	rs8132822	rs4816920	25304662	25318563
21	30858	30888	rs2156385	rs2828653	25319963	25330218
21	30891	30893	rs2828655	rs75165432	25333108	25333463
21	30900	30908	rs72631999	rs13050039	25334786	25337017
21	30910	30970	rs4816924	rs188435434	25338333	25376763
21	30971	31318	rs8134540	rs8134482	25377292	25437240
21	31322	31771	rs2828786	rs8184927	25438579	25498203
21	31774	31778	rs9981489	rs1783362	25498266	25499095
21	31779	31816	rs76584383	rs1783371	25499185	25504986
21	31817	31818	rs4645068	rs1783372	25505099	25505164
21	31822	31824	rs1699627	rs1699629	25506453	25506504
21	31825	31826	rs1699630	rs1783373	25506687	25506784
21	31827	32178	rs2408838	rs2134874	25507168	25585640
21	32182	32184	rs73140925	rs1783315	25587344	25587445
21	32185	32188	rs62216924	rs62216925	25587791	25588726
21	32189	32649	rs2828913	rs62215664	25588956	25776642
21	32653	32657	rs2829044	rs2257689	25778729	25780751
21	32660	32723	rs2844308	rs2829078	25781151	25807198
21	32724	32725	rs4816958	rs2829079	25808101	25808194
21	32726	33078	rs76464759	rs1475862	25808751	25900645
21	33083	33169	rs1024293	rs2154730	25901768	25939428
21	33171	33233	rs8126987	rs2829186	25941083	25962522
21	33237	33359	rs2829188	rs2829210	25964614	26007429
21	33360	33371	rs9980148	rs2829212	26008313	26013441
21	33372	33379	rs17000165	rs8127407	26013485	26016540
21	33380	33410	rs13050910	rs7275877	26016609	26025388
21	33411	33421	rs2829230	rs2252962	26025716	26029882
21	33422	33484	rs2252966	rs2250627	26029954	26058246
21	33485	33486	rs2829257	rs8126788	26058659	26058934
21	33489	33580	rs2829259	rs2187292	26060052	26089115
21	33582	33584	rs2829292	rs2829294	26090466	26091601
21	33585	33660	rs73147415	rs4816986	26092323	26121406
21	33662	33823	rs7276876	rs73159459	26122437	26176311
21	33825	33828	rs11087931	rs2829396	26178337	26178727
21	33829	33909	rs2829397	rs10482956	26178920	26207165
21	33910	33911	rs2829432	rs4816990	26207254	26207869
21	33912	34191	rs66843314	rs114993031	26207910	26363555
21	34192	34194	rs12627624	rs2829499	26363894	26364281
21	34197	34204	rs7278978	rs7276366	26365830	26377422
21	34205	34206	rs9978474	rs2829502	26378124	26378965
21	34207	34301	rs2409060	rs4816247	26379713	26467796
21	34304	34346	rs4817001	rs1024316	26474599	26504884
21	34350	34351	rs1475847	rs1475846	26509668	26509728
21	34354	34368	rs1571659	rs1080028	26512463	26519773
21	34369	34371	rs7277348	rs4614997	26520594	26521234
21	34372	34389	rs2829560	rs4817010	26523086	26528095
21	34390	34395	rs2829573	rs11908746	26528248	26529842
21	34396	34587	rs75748490	rs2026221	26529854	26661518
21	34588	34589	rs2829679	rs2829680	26662543	26662736
21	34590	34724	rs2051279	rs112173616	26663529	26737128
21	34726	34727	rs78375242	rs2151	26739370	26740012
21	34729	34939	rs11909677	rs928882	26741161	26885124
21	34941	35279	rs2154470	rs78613269	26887427	27018679
21	35280	35282	rs68182136	rs11087969	27018759	27019326
21	35283	35348	rs1023345	rs2829855	27019510	27045599
21	35354	35376	rs56358291	rs2829862	27047377	27054612
21	35378	35379	rs4817052	rs4817053	27055218	27055232
21	35380	35413	rs4817054	rs9975787	27055402	27068323
21	35415	35416	rs7278147	rs8129655	27069318	27071407
21	35417	35418	rs9974613	rs9974869	27071840	27072000
21	35419	35429	rs75558737	rs2276220	27072521	27078270
21	35430	35443	rs2829870	rs2829877	27078428	27087044
21	35444	35445	rs2829879	rs2829880	27087290	27088002
21	35446	35448	rs2829882	rs9647113	27088847	27092922
21	35450	35581	rs11909995	rs17001387	27097458	27176172
21	35583	35585	rs79582678	rs28542132	27176769	27177936
21	35588	35682	rs2829914	rs2829926	27178550	27200226
21	35683	35684	rs2829927	rs2829928	27201383	27201426
21	35686	35695	rs2829929	rs111580915	27202309	27204733
21	35696	35773	rs8134878	rs76349290	27205060	27227439
21	35775	35780	rs140967772	rs73170786	27227717	27231621
21	35781	35812	rs2040273	rs2003751	27232198	27243147
21	35813	35840	rs6516708	rs8128378	27244909	27250983
21	35842	35843	rs200508204	rs149471110	27251497	27252098
21	35844	35845	rs76767798	rs2019263	27252550	27252603
21	35846	35848	rs2829966	rs214484	27254194	27254279
21	35849	35850	rs214485	rs214486	27254320	27254586
21	35851	35903	rs3787620	rs1605087	27255117	27266792
21	35906	35908	rs57250872	rs9976425	27267136	27267546
21	35912	35981	rs7280059	rs2657503	27271030	27315758
21	35983	36004	rs2234983	rs2829995	27316874	27324875
21	36006	36017	rs429410	rs6516715	27326510	27330738
21	36020	36035	rs8132389	rs1701000	27332608	27338895
21	36037	36140	rs1625289	rs3787636	27339234	27371334
21	36141	36144	rs3787637	rs7278838	27371667	27374604
21	36145	36147	rs139486090	rs11909998	27377558	27377643
21	36149	36173	rs11909265	rs2830009	27378495	27396490
21	36176	36323	rs56327405	rs2830049	27397823	27461700
21	36325	36326	rs2070654	rs8130594	27462727	27462777
21	36327	36329	rs2830050	rs2830052	27464270	27465597
21	36330	36670	rs12482613	rs112930479	27466004	27580803
21	36671	36686	rs458358	rs466472	27581283	27587969
21	36689	36711	rs464509	rs468132	27588835	27601399
21	36712	36812	rs59690116	rs467784	27601515	27637745
21	36813	36906	rs2051328	rs1788291	27637788	27672542
21	36907	36908	rs7278192	rs34420589	27673836	27673968
21	36909	36911	rs62216033	rs62216034	27674010	27674259
21	36913	37122	rs2830165	rs219711	27676592	27749030
21	37125	37150	rs219714	rs2830195	27751466	27767685
21	37151	37186	rs374013	rs2830202	27769749	27777846
21	37189	37227	rs113486061	rs35640525	27779544	27793990
21	37231	37232	rs219702	rs2830215	27795838	27796105
21	37233	37266	rs219703	rs219667	27796390	27810464
21	37273	37339	rs219636	rs219646	27812593	27844833
21	37345	37346	rs71317469	rs71317470	27846035	27846053
21	37348	37423	rs2830244	rs222160	27847264	27872969
21	37424	37435	rs2830261	rs12627243	27873895	27877118
21	37441	37521	rs222974	rs56270247	27879342	27916378
21	37523	37852	rs59286515	rs460150	27917644	28022706
21	37853	37857	rs466257	rs366384	28023105	28024225
21	37860	38199	rs4172	rs7279107	28025461	28094413
21	38200	38202	rs72635023	rs6516745	28094669	28094809
21	38207	38217	rs58947988	rs2187226	28096470	28103644
21	38218	38333	rs8127600	rs59520355	28104533	28145565
21	38334	38335	rs2830487	rs12482499	28146189	28146309
21	38336	38538	rs7276067	rs188783139	28146525	28206045
21	38539	38541	rs469576	rs229040	28206883	28207390
21	38544	38545	rs229041	rs2738	28208468	28208904
21	38550	38572	rs56251528	rs390955	28210854	28218457
21	38574	38576	rs1444274	rs1475584	28220167	28220730
21	38577	39011	rs1788306	rs73187832	28221167	28372763
21	39012	39052	rs7348989	rs7283042	28372862	28387923
21	39063	39070	rs2830630	rs2830636	28391583	28392101
21	39072	39466	rs2830638	rs74596199	28392478	28528727
21	39467	39581	rs435287	rs9636577	28528963	28563631
21	39586	39676	rs56974434	rs9976159	28564932	28582897
21	39679	39722	rs2830784	rs928270	28586603	28617720
21	39726	39772	rs13049191	rs2830819	28622043	28631156
21	39776	39778	rs235925	rs171008	28632360	28632409
21	39779	39987	rs235927	rs4817165	28633684	28710358
21	39992	39993	rs463068	rs2830853	28711851	28712109
21	39995	40075	rs2830854	rs2830866	28712418	28727722
21	40076	40158	rs9980165	rs1817113	28728202	28740306
21	40159	40437	rs2016760	rs239621	28740319	28824007
21	40438	40444	rs1376923	rs242325	28824065	28826340
21	40447	40449	rs242327	rs1970051	28827837	28828060
21	40451	40491	rs4239787	rs13050776	28828675	28843598
21	40494	40628	rs2830962	rs4353724	28844948	28929557
21	40629	40630	rs1379660	rs1379661	28929855	28929958
21	40632	40716	rs242318	rs4346467	28932087	28957524
21	40717	41170	rs8133140	rs189651	28957743	29124566
21	41172	41173	rs2195736	rs56049027	29125930	29125931
21	41176	41177	rs1431357	rs243718	29126908	29127524
21	41178	41179	rs593012	rs585979	29128813	29128818
21	41180	41556	rs41491048	rs9975542	29128955	29285000
21	41557	41559	rs9978508	rs9977912	29285293	29285383
21	41563	41564	rs28782567	rs8130370	29289402	29289520
21	41569	42038	rs62210855	rs4817210	29291034	29421893
21	42040	42042	rs139464356	rs3875283	29422445	29422506
21	42043	42047	rs4817211	rs73897299	29422978	29423571
21	42050	42107	rs2831415	rs4501026	29424927	29447212
21	42108	42133	rs16981663	rs2831474	29447830	29451723
21	42134	42145	rs2831475	rs73395816	29452345	29466319
21	42147	42399	rs12152087	rs2831536	29468859	29515884
21	42402	42499	rs2831539	rs2831597	29517567	29542773
21	42502	42953	rs16981806	rs1236413	29542998	29723816
21	42954	42956	rs1735324	rs7278151	29724516	29724671
21	42958	42960	rs1236410	rs1236409	29726454	29726864
21	42961	43176	rs1236408	rs2831804	29727595	29802840
21	43178	43179	rs2250910	rs2250911	29803501	29803555
21	43183	43522	rs551652362	rs2831906	29804699	29953384
21	43526	43533	rs2831910	rs2831913	29956789	29958893
21	43534	43540	rs6516858	rs2831915	29959286	29960373
21	43541	43547	rs2831916	rs8128104	29960728	29961476
21	43548	43549	rs7276458	rs7276248	29961736	29961801
21	43550	43624	rs1028990	rs9978125	29962377	29989702
21	43625	43626	rs9981332	rs9980892	29990617	29990920
21	43630	45106	rs1153258	rs2776251	29992536	30531356
21	45107	45108	rs2776252	rs2251517	30531705	30531951
21	45111	45167	rs2832226	rs11088111	30532986	30548658
21	45168	45169	rs7364112	rs722013	30548968	30549245
21	45170	45241	rs2832238	rs2065274	30549361	30569842
21	45242	45295	rs55697636	rs73193868	30570286	30600224
21	45298	45299	rs546634737	rs566896673	30601826	30601827
21	45309	45313	rs2832276	rs11088114	30608784	30612396
21	45315	45392	rs2832279	rs17744645	30613466	30726922
21	45393	45397	rs4817283	rs8129076	30727894	30732953
21	45398	45412	rs2832291	rs16984019	30734388	30745614
21	45414	45451	rs9647054	rs147705757	30748728	30809164
21	45455	45495	rs2832322	rs56150419	30813322	30840629
21	45496	45497	rs61078079	rs9305397	30842800	30843369
21	45502	45636	rs915575	rs2832379	30847451	30879756
21	45637	45638	rs2832380	rs9983273	30880034	30880048
21	45639	45723	rs9983614	rs144349321	30880367	30956653
21	45726	45747	rs9985106	rs7277568	30957912	30972158
21	45748	45807	rs2832408	rs2832415	30973268	30996163
21	45809	45838	rs56273443	rs2832417	30998255	31011772
21	45839	45843	rs2832418	rs363598	31012252	31013159
21	45844	45897	rs363529	rs375550396	31014321	31046395
21	45898	45902	rs2254136	rs726001	31047208	31051621
21	45904	45908	rs2300314	rs363510	31059705	31062501
21	45909	46003	rs363509	rs13050938	31062747	31123367
21	46004	46146	rs16984900	rs416364	31125962	31191788
21	46149	46156	rs75434286	rs9980984	31193155	31196387
21	46158	46159	rs464028	rs73186477	31196616	31196650
21	46161	46207	rs2832447	rs464144	31197963	31210998
21	46208	46209	rs2205178	rs1882826	31213091	31217101
21	46210	46331	rs2409349	rs464500	31218534	31252311
21	46332	46355	rs464668	rs2832479	31253525	31266019
21	46358	46501	rs463479	rs2832501	31268047	31323433
21	46502	46522	rs2832502	rs2832509	31323874	31345504
21	46523	46549	rs2832510	rs2832519	31347532	31371450
21	46551	46562	rs2832520	rs75116512	31373804	31381148
21	46563	46577	rs2832527	rs6516942	31381600	31388329
21	46579	46616	rs440113	rs2832545	31391595	31408746
21	46619	46815	rs370631738	rs478474	31409432	31482569
21	46816	46824	rs73200027	rs559599	31483152	31488234
21	46825	46908	rs16985997	rs478203	31492416	31547989
21	46910	46958	rs7282132	rs146597527	31551790	31580924
21	46961	46966	rs694984	rs686364	31583787	31587793
21	46967	47579	rs2832657	rs2186556	31588676	31753219
21	47585	47586	rs561327743	rs62222548	31754991	31754992
21	47587	47617	rs2409371	rs2187296	31755570	31776676
21	47620	48074	rs4817331	rs57039508	31777980	32030040
21	48075	48083	rs1961167	rs4817347	32030310	32033938
21	48084	48316	rs2832973	rs2833041	32034536	32094721
21	48318	48454	rs1571685	rs28481723	32096128	32157542
21	48455	48494	rs2833087	rs2833098	32160280	32183996
21	48495	48508	rs2833099	rs34767221	32184049	32190711
21	48509	48523	rs2898175	rs8130606	32191139	32193777
21	48524	48575	rs8129944	rs2833119	32193855	32204347
21	48577	48585	rs71314141	rs2833124	32208480	32214655
21	48587	48588	rs7275199	rs7283316	32216231	32216253
21	48589	48743	rs4817359	rs2833157	32217530	32287435
21	48745	48746	rs36021671	rs7510336	32287778	32287837
21	48747	48748	rs9305444	rs8133263	32287889	32287972
21	48750	48752	rs9982696	rs2833159	32288373	32289174
21	48756	48765	rs1892669	rs9976618	32291501	32303565
21	48767	48780	rs2211809	rs57482567	32304691	32306301
21	48781	49347	rs55725913	rs77794820	32306980	32514208
21	49348	49373	rs67519914	rs112535679	32514331	32520650
21	49375	49377	rs79676037	rs2833304	32521280	32521311
21	49379	49380	rs6517013	rs6517014	32522465	32522470
21	49382	49384	rs9636598	rs66726611	32523279	32523649
21	49386	49388	rs2833306	rs13049011	32524232	32524500
21	49389	49391	rs9305453	rs723469	32524852	32525345
21	49393	49394	rs8133904	rs9977559	32526124	32526206
21	49396	49397	rs2833307	rs2833308	32526841	32526915
21	49402	49408	rs2833313	rs2284474	32532567	32540863
21	49412	49565	rs2268220	rs2268225	32544848	32666803
21	49570	49571	rs1977904	rs1977905	32667896	32668006
21	49574	49641	rs2300351	rs701725	32669881	32702162
21	49644	49712	rs9980081	rs1041743	32702776	32725899
21	49713	49736	rs2243936	rs2833389	32727161	32737319
21	49738	49740	rs140243478	rs2284501	32738223	32740462
21	49743	49829	rs845689	rs845687	32741275	32766747
21	49831	49896	rs76059642	rs13048773	32769403	32794956
21	49898	49929	rs3787682	rs743414	32798879	32815957
21	49931	50020	rs553833	rs2833413	32816922	32839072
21	50021	50446	rs2833414	rs61499555	32839087	32976426
21	50449	50500	rs13048931	rs143369396	32978137	32998404
21	50501	50511	rs4817418	rs7276460	32998764	33005483
21	50512	50667	rs9978987	rs2833497	33007192	33143000
21	50669	50670	rs8131535	rs2833498	33143123	33143694
21	50671	50672	rs11088189	rs743388	33144031	33144256
21	50673	50761	rs56655904	rs2833517	33144472	33171831
21	50762	50769	rs62221587	rs720458	33172481	33177609
21	50771	50772	rs8134723	rs6517056	33178930	33179021
21	50773	50774	rs2833520	rs2833521	33179187	33179293
21	50775	50777	rs2833522	rs60687416	33179371	33180803
21	50778	50784	rs12626427	rs4817434	33181864	33184078
21	50787	50838	rs4817435	rs12481783	33185436	33215495
21	50839	50845	rs76082784	rs62221592	33215965	33218191
21	50846	50889	rs12483532	rs2154697	33218459	33230596
21	50892	50895	rs8134116	rs116921021	33231634	33231748
21	50896	50897	rs77790727	rs12481924	33233084	33233087
21	50899	50954	rs9305473	rs1041760	33233766	33244333
21	50955	50957	rs111796090	rs7280639	33245693	33246800
21	50959	50961	rs3787686	rs3787687	33247585	33247735
21	50963	50964	rs8129628	rs12106377	33248173	33248175
21	50965	50970	rs56079836	rs8133452	33248217	33249074
21	50972	50980	rs2211781	rs76045152	33249294	33250599
21	50983	50991	rs3787688	rs9981287	33251816	33253899
21	50993	50995	rs35835205	rs2833549	33254178	33254832
21	50996	50998	rs34750510	rs11909440	33255696	33256224
21	50999	51002	rs202014496	rs9979838	33256912	33257380
21	51003	51004	rs8133694	rs8126975	33257684	33258326
21	51006	51009	rs77455353	rs74460501	33258672	33259484
21	51012	51015	rs1016702	rs1016705	33263869	33265342
21	51016	51024	rs56321642	rs9978723	33266659	33270766
21	51026	51027	rs11700457	rs11700517	33273162	33273542
21	51029	51044	rs2833551	rs2833554	33275860	33284335
21	51045	51047	rs7277082	rs2833556	33285133	33285300
21	51048	51049	rs3787690	rs67887098	33285573	33286017
21	51051	51062	rs11909388	rs12626426	33286177	33291324
21	51063	51064	rs1010674	rs60701297	33292070	33292708
21	51065	51068	rs3787692	rs75558255	33293191	33295829
21	51069	51079	rs11910494	rs9305477	33296113	33300555
21	51082	51083	rs2409425	rs7509892	33302533	33302670
21	51085	51110	rs8126742	rs35951611	33304490	33316610
21	51111	51117	rs2833568	rs2833569	33318054	33321142
21	51118	51123	rs76929906	rs79998515	33321258	33322489
21	51124	51125	rs12627162	rs2833572	33322819	33322944
21	51126	51151	rs2833573	rs9984771	33323809	33332633
21	51153	51230	rs9680110	rs11088197	33333023	33358726
21	51232	51433	rs2105474	rs2833623	33359141	33420792
21	51436	51437	rs4817446	rs7282485	33422083	33422289
21	51438	51491	rs11910635	rs8128329	33423041	33435472
21	51495	51522	rs4817450	rs62214185	33437648	33443299
21	51523	51584	rs8126578	rs3890244	33443580	33468000
21	51587	51611	rs12626496	rs59583598	33470978	33481176
21	51614	51615	rs78075884	rs78976854	33482117	33482131
21	51617	51626	rs12481929	rs2186267	33483014	33487828
21	51627	51705	rs9979997	rs9983812	33488070	33528450
21	51707	51729	rs17560508	rs8128161	33529709	33537598
21	51733	52007	rs2051187	rs10427546	33539328	33669542
21	52008	52010	rs74632550	rs2254132	33670219	33670607
21	52013	52198	rs8130762	rs9979834	33672789	33773245
21	52202	52317	rs73190644	rs35175704	33776117	33808522
21	52318	52536	rs143511564	rs2276222	33809075	33867528
21	52538	52559	rs76427747	rs16989435	33868533	33876779
21	52560	52606	rs7279989	rs8132592	33877556	33894932
21	52609	52625	rs192213333	rs9979609	33898321	33906744
21	52626	52635	rs77586158	rs6517104	33907454	33912382
21	52636	52733	rs73359265	rs7278639	33912412	33941702
21	52735	52741	rs59352879	rs865852	33942844	33944630
21	52742	52791	rs2833906	rs28397651	33945521	33962568
21	52793	52796	rs7284048	rs1783092	33964537	33965113
21	52797	52842	rs112438080	rs1783095	33966799	33987509
21	52846	52847	rs845008	rs845009	33994734	33995034
21	52848	53058	rs62214738	rs8129488	33995471	34182722
21	53060	53162	rs6517109	rs2859934	34183884	34248250
21	53163	53196	rs2211683	rs12626264	34248343	34264015
21	53197	53202	rs2833993	rs8133213	34264053	34269613
21	53203	53266	rs11700855	rs2834012	34270051	34301083
21	53269	53292	rs2014283	rs113281372	34303985	34315820
21	53293	53294	rs73198446	rs1034128	34316107	34316133
21	53296	53334	rs2834020	rs28445299	34317077	34336375
21	53335	53358	rs9982681	rs4817507	34339333	34351393
21	53359	53391	rs6517124	rs2834051	34352692	34359600
21	53392	53471	rs8127137	rs4816442	34360051	34376145
21	53477	53484	rs9982307	rs2834066	34377552	34380513
21	53485	53488	rs8130506	rs2834067	34381769	34382987
21	53489	53536	rs2834068	rs62216116	34383093	34403770
21	53537	53608	rs881666	rs4817520	34405266	34431370
21	53612	53628	rs2834081	rs80279707	34432792	34446577
21	53631	53736	rs1023407	rs4817534	34449327	34484978
21	53737	53774	rs13047973	rs2834093	34485912	34500558
21	53775	53777	rs2834094	rs73900194	34501127	34501332
21	53781	53793	rs12482256	rs8132490	34502427	34510766
21	53799	53890	rs79560822	rs13051531	34512653	34538420
21	53891	53931	rs142751227	rs79046156	34538494	34553389
21	53932	53933	rs2211791	rs2834130	34553685	34553967
21	53934	53980	rs11088240	rs2051188	34554794	34569215
21	53981	53982	rs999608	rs999607	34569686	34569734
21	53984	54071	rs4817548	rs11088244	34572466	34586364
21	54072	54073	rs76765607	rs16990353	34587591	34587897
21	54074	54185	rs2834153	rs1131668	34588494	34634878
21	54188	54204	rs12483382	rs2510317	34638411	34649941
21	54207	54250	rs8178484	rs2409484	34651253	34662972
21	54251	54257	rs2834174	rs2186279	34663117	34664968
21	54258	54260	rs999261	rs999260	34666160	34666390
21	54263	54268	rs3171425	rs8178568	34668747	34670245
21	54270	54882	rs8178573	rs67018442	34670816	35027858
21	54883	54891	rs10854365	rs1125036	35028506	35031226
21	54892	54987	rs62227740	rs1892588	35031803	35161141
21	54990	55042	rs1537097	rs2248321	35162911	35206880
21	55043	55045	rs2834273	rs57360787	35207521	35208512
21	55046	55047	rs1048672	rs13640	35210184	35210252
21	55048	55064	rs4817595	rs2409500	35212761	35221667
21	55065	55066	rs11911181	rs1537098	35223783	35224370
21	55067	55068	rs4817597	rs2249221	35226082	35226135
21	55072	55164	rs9305534	rs13052780	35228148	35256000
21	55166	55168	rs2073370	rs2834287	35260481	35260961
21	55169	55402	rs2834288	rs17730050	35264397	35355940
21	55405	55558	rs7278695	rs78804619	35356934	35408409
21	55559	55582	rs4817614	rs10470091	35408729	35425083
21	55586	55616	rs2154703	rs13052524	35426801	35447914
21	55617	55710	rs62228248	rs9305542	35449724	35532180
21	55714	55771	rs57113286	rs35868169	35533237	35552619
21	55773	55819	rs2298341	rs11701096	35554620	35576464
21	55820	55849	rs61339956	rs2834410	35577793	35589407
21	55851	55852	rs9979847	rs9980151	35591400	35591492
21	55855	55860	rs28451064	rs2834414	35593827	35598406
21	55861	55950	rs4816474	rs1557265	35598619	35651730
21	55951	55952	rs9978142	rs10470171	35652239	35652644
21	55955	56079	rs8128990	rs4817645	35654466	35724134
21	56080	56081	rs75137323	rs8129632	35724717	35724739
21	56082	56083	rs6517226	rs8131118	35725299	35725301
21	56086	56138	rs2834465	rs74959815	35726754	35748696
21	56139	56165	rs142485431	rs9979810	35759254	35774246
21	56166	56240	rs8742	rs28496727	35774898	35815095
21	56243	56254	rs2834484	rs2070357	35816941	35821419
21	56255	56257	rs1805127	rs2236609	35821821	35822111
21	56258	56259	rs2070358	rs55857049	35822270	35822368
21	56263	56379	rs11088283	rs2211698	35823779	35858097
21	56380	56385	rs4817661	rs76272713	35860187	35861241
21	56387	56479	rs4817663	rs9647068	35862484	35903026
21	56481	56485	rs3787720	rs6517241	35904053	35905174
21	56486	56719	rs7281784	rs1984304	35905299	35939305
21	56723	56860	rs9636883	rs66632134	35941558	36000762
21	56863	56881	rs74569671	rs2070439	36001414	36011213
21	56882	56885	rs2070440	rs61419297	36011689	36012664
21	56886	56962	rs2834551	rs2834576	36013684	36057162
21	56964	57015	rs2834578	rs11702251	36059609	36081448
21	57019	57036	rs58668017	rs2834603	36083217	36092923
21	57037	57040	rs2834604	rs2186286	36093062	36096613
21	57043	57066	rs11088294	rs1547237	36098343	36117816
21	57067	57071	rs2246640	rs79062227	36118272	36120052
21	57072	57096	rs28754584	rs1981390	36120333	36125233
21	57097	57098	rs1981391	rs2834628	36125530	36125597
21	57101	57109	rs2834633	rs111953444	36127208	36130326
21	57112	57147	rs1892665	rs2834644	36132492	36186747
21	57148	57149	rs2834645	rs2253313	36187686	36187900
21	57152	57164	rs28690393	rs2246738	36189853	36203846
21	57166	57206	rs2051394	rs111449846	36206142	36224315
21	57210	57225	rs2834651	rs2834654	36228360	36235311
21	57227	57228	rs2251826	rs7282616	36235739	36236101
21	57229	57230	rs2268289	rs2268290	36236443	36236516
21	57231	57232	rs11088296	rs11700925	36237546	36237656
21	57233	57235	rs2252175	rs2834655	36238199	36238507
21	57237	57240	rs2252585	rs2268294	36241929	36243258
21	57245	57307	rs11910742	rs1475840	36245671	36278942
21	57313	57402	rs2834671	rs8127214	36281630	36328403
21	57403	57423	rs2006089	rs9976241	36333368	36338475
21	57427	57428	rs58144960	rs7278199	36339522	36339532
21	57429	57448	rs2834702	rs1981392	36340396	36353660
21	57449	57493	rs2834714	rs13051092	36357352	36365228
21	57494	57495	rs58709766	rs59390681	36367080	36367089
21	57497	57509	rs61207288	rs36087189	36368017	36370073
21	57510	57512	rs28360527	rs13046934	36370185	36371207
21	57514	57534	rs11701969	rs11701223	36372962	36379500
21	57536	57597	rs2834726	rs3746865	36380048	36411119
21	57598	57605	rs61750966	rs11701532	36411127	36414780
21	57610	57614	rs9978978	rs9981811	36418601	36420875
21	57615	57718	rs8133634	rs7279722	36421036	36465978
21	57723	57830	rs150856475	rs141121518	36468189	36509596
21	57832	57853	rs2242906	rs12626430	36510008	36522993
21	57856	57903	rs2834805	rs2834817	36524938	36542417
21	57905	57943	rs6517279	rs2834824	36543908	36561074
21	57944	58042	rs55955718	rs2037899	36561501	36595270
21	58044	58048	rs8133443	rs1883068	36597193	36598284
21	58049	58162	rs4817711	rs76016608	36599420	36661116
21	58163	58170	rs2834878	rs9305565	36661866	36665202
21	58171	58249	rs2834881	rs2242715	36666163	36688993
21	58253	58254	rs13048344	rs62218279	36690392	36690797
21	58255	58367	rs9647164	rs9968005	36690827	36744959
21	58368	58378	rs2242725	rs55777215	36746014	36751728
21	58379	58510	rs2776260	rs2243337	36751786	36820715
21	58514	58539	rs9981470	rs62217084	36822544	36843100
21	58541	58591	rs2242746	rs6517296	36844672	36882228
21	58592	58593	rs1003261	rs2834953	36883073	36883094
21	58597	59271	rs114473307	rs186755051	36886779	37161426
21	59274	59281	rs71330620	rs459835	37165626	37182948
21	59282	59353	rs407611	rs2835155	37185802	37230221
21	59356	59461	rs7281579	rs35226007	37235773	37305159
21	59468	59505	rs8128415	rs2835175	37308691	37317928
21	59506	59508	rs6517318	rs2409734	37317952	37318087
21	59509	59734	rs8134354	rs61738607	37318662	37377631
21	59737	59925	rs2254446	rs2850073	37378153	37467574
21	59927	59957	rs7280856	rs9978553	37468173	37476238
21	59959	59963	rs9978576	rs1008244	37476359	37477551
21	59965	60135	rs545480577	rs7279160	37477976	37533478
21	60137	60178	rs9983513	rs9983855	37533789	37548110
21	60181	60182	rs2835297	rs2284623	37548937	37549320
21	60184	60316	rs2845751	rs2284631	37550116	37597681
21	60320	60321	rs13046850	rs7279315	37599655	37599659
21	60324	60337	rs7280549	rs7280062	37599777	37606670
21	60338	60339	rs4817787	rs2268298	37609025	37609299
21	60341	60412	rs2835323	rs2284639	37609954	37643609
21	60415	60502	rs62232377	rs8133124	37645096	37667579
21	60504	60505	rs12626938	rs12627071	37670029	37670146
21	60506	60532	rs4817790	rs76925207	37670391	37676797
21	60535	60539	rs56250126	rs9789904	37678650	37679671
21	60542	60903	rs181596491	rs9976070	37681719	37806195
21	60904	60918	rs79469530	rs28525270	37806566	37808131
21	60919	60929	rs12483185	rs556352477	37808427	37809221
21	60930	60933	rs9984974	rs61472255	37809377	37809504
21	60934	61145	rs116879059	rs74883685	37809994	37844525
21	61147	61149	rs219754	rs219752	37847341	37847489
21	61151	61201	rs2850108	rs7277324	37848101	37858267
21	61202	61203	rs138952890	rs114872540	37858280	37858540
21	61208	61223	rs219737	rs184320	37859660	37864471
21	61224	61225	rs7277448	rs2835365	37864870	37865339
21	61226	61238	rs2850113	rs2409819	37865623	37868619
21	61243	61244	rs730265	rs743425	37871886	37872004
21	61245	61298	rs2000544	rs2835380	37872116	37894089
21	61299	61354	rs9978278	rs13049189	37894721	37912192
21	61355	61358	rs11909578	rs2015187	37912551	37914484
21	61359	61521	rs928839	rs2409822	37914925	37958931
21	61522	61554	rs79573584	rs9983027	37960058	37979179
21	61555	61583	rs1571698	rs2835406	37981988	37996897
21	61587	61593	rs735391	rs7281079	37998467	38003250
21	61596	61717	rs401789	rs2845793	38006139	38038249
21	61719	61723	rs1573308	rs8132974	38038694	38040461
21	61727	61729	rs2835422	rs2835424	38042412	38042539
21	61730	61793	rs4817813	rs34907269	38043108	38073695
21	61795	61797	rs56375654	rs2269190	38074069	38074240
21	61800	61841	rs79727496	rs2000548	38074944	38092700
21	61842	61848	rs2246739	rs73210775	38093071	38098078
21	61850	61857	rs2250702	rs2835450	38103630	38107859
21	61861	61863	rs112972188	rs75697022	38109280	38109680
21	61865	61868	rs2018878	rs9977504	38110170	38112781
21	61869	61881	rs2070519	rs2051397	38113998	38121537
21	61883	61885	rs14407	rs12481800	38123925	38127626
21	61888	61892	rs2845804	rs79912201	38129122	38129906
21	61894	61935	rs2850104	rs9305605	38130030	38152533
21	61936	61938	rs13049750	rs4501027	38153073	38153547
21	61941	61952	rs71332551	rs1467857	38155169	38160911
21	61954	61988	rs9977855	rs1041832	38162419	38183129
21	61990	62063	rs2835462	rs2835493	38184647	38221333
21	62066	62070	rs2835495	rs2835498	38224537	38225812
21	62071	62381	rs2835499	rs13051479	38226126	38355800
21	62385	62433	rs73196097	rs73198016	38357586	38366922
21	62434	62532	rs73198017	rs9979148	38367252	38405630
21	62533	62535	rs138730125	rs138448036	38406398	38407745
21	62537	62584	rs7354770	rs2835568	38408412	38429082
21	62588	63149	rs2249828	rs12483374	38432621	38653294
21	63150	63151	rs9789843	rs9789840	38653902	38654326
21	63153	63157	rs9977300	rs34739542	38654884	38657494
21	63158	63189	rs57819329	rs7283284	38657572	38670635
21	63191	63192	rs16994935	rs2835694	38671418	38671630
21	63194	63197	rs73220559	rs2212737	38674801	38678748
21	63198	63234	rs73220562	rs7277391	38678824	38696542
21	63238	63269	rs58515696	rs9636633	38699031	38709776
21	63270	63271	rs7276786	rs7281278	38710546	38710631
21	63272	63274	rs73903585	rs2026263	38710850	38711031
21	63275	63276	rs2007547	rs1004471	38711180	38711202
21	63280	63285	rs2409890	rs59956749	38713206	38715028
21	63286	63291	rs114126888	rs8131184	38715469	38717637
21	63292	63767	rs62223913	rs117378370	38719969	38928850
21	63768	63830	rs34271447	rs9984798	38929958	38960168
21	63832	63835	rs111833124	rs113356869	38961818	38961924
21	63837	63842	rs2898317	rs60910109	38962500	38963123
21	63843	63847	rs62224266	rs57132129	38963415	38964125
21	63848	63875	rs9975816	rs4817874	38964376	38969498
21	63876	63877	rs4817875	rs4817876	38969670	38969672
21	63878	63902	rs8134567	rs8129759	38970253	38983111
21	63903	63904	rs9982932	rs13053097	38984514	38984624
21	63907	64010	rs73220479	rs857986	38985633	39021750
21	64011	64234	rs1475839	rs4817888	39021941	39088007
21	64236	64237	rs117661466	rs79680880	39089652	39089664
21	64238	64241	rs149364597	rs80298356	39089677	39089816
21	64242	64365	rs711996	rs62224367	39090431	39129158
21	64368	64372	rs35142630	rs860798	39130381	39132781
21	64373	64411	rs2835943	rs62221968	39132864	39150573
21	64412	64463	rs858044	rs8130213	39151651	39182566
21	64465	64549	rs2835980	rs2836010	39182670	39209644
21	64551	64602	rs2226357	rs9982486	39210299	39227358
21	64605	64648	rs3787858	rs725572	39227806	39245514
21	64649	64655	rs725573	rs12626297	39245552	39247415
21	64656	64657	rs7282908	rs1892682	39247932	39248065
21	64658	64672	rs7276020	rs10775660	39250321	39253518
21	64680	64718	rs2836031	rs2836048	39255779	39284298
21	64719	64720	rs60633399	rs2836050	39284727	39284835
21	64721	64778	rs3787870	rs75730675	39285453	39327906
21	64784	64836	rs2249095	rs8131514	39329583	39348042
21	64838	64856	rs4592933	rs2836081	39348816	39355742
21	64858	64860	rs2836083	rs62222024	39357383	39357533
21	64861	64943	rs12373919	rs142449994	39358496	39388843
21	64944	64960	rs62222044	rs4817910	39389443	39398193
21	64961	65029	rs80168735	rs2256062	39398763	39448635
21	65031	65275	rs2836139	rs3787882	39451403	39632333
21	65278	65428	rs2000457	rs2836307	39633445	39698055
21	65431	65432	rs61661056	rs60128869	39699628	39699643
21	65434	65510	rs73211967	rs141327579	39700196	39732645
21	65512	65620	rs75935647	rs989433	39733311	39783808
21	65623	65756	rs9982473	rs2836410	39786613	39819563
21	65758	65781	rs8133240	rs10154135	39820408	39830550
21	65782	65783	rs2836415	rs10154182	39830556	39830620
21	65787	65790	rs2836416	rs2186346	39833491	39834330
21	65792	65801	rs2836418	rs2836423	39835031	39838057
21	65803	65859	rs2836425	rs2836443	39838825	39871276
21	65861	65924	rs76003026	rs2836474	39871699	39902512
21	65927	65930	rs1888471	rs1888474	39903923	39904188
21	65931	66068	rs2836476	rs2836522	39905038	39943085
21	66070	66075	rs4817952	rs62217464	39945579	39946229
21	66077	66115	rs9975132	rs2836543	39946480	39955464
21	66117	66118	rs61428957	rs76186517	39959157	39959161
21	66119	66213	rs73217907	rs456457	39959179	40011916
21	66214	66216	rs456658	rs461679	40012656	40012670
21	66218	66361	rs460843	rs35903205	40013059	40074905
21	66363	66368	rs9808747	rs9979700	40075212	40078431
21	66369	66426	rs7278174	rs7276437	40078437	40113122
21	66427	66430	rs10048862	rs73205542	40115323	40118186
21	66434	66437	rs2836658	rs2836659	40119930	40122021
21	66439	66466	rs11702843	rs2836673	40123740	40133710
21	66467	66566	rs9981039	rs73450552	40135124	40181026
21	66569	66716	rs3746882	rs7278693	40182177	40228042
21	66719	66749	rs17230961	rs463922	40228746	40234997
21	66751	66882	rs2836715	rs2836746	40235627	40281283
21	66883	66891	rs2836747	rs76400243	40282556	40285608
21	66893	66901	rs2836749	rs28514570	40287238	40288843
21	66905	66995	rs8129427	rs724616	40289454	40307733
21	66997	67018	rs9977386	rs2836773	40308256	40316451
21	67019	67188	rs2836774	rs732339	40316902	40363878
21	67189	67190	rs2410074	rs2410075	40364026	40364030
21	67196	67205	rs2836815	rs77633273	40365171	40368041
21	67206	67250	rs2410078	rs2836823	40369030	40380249
21	67253	67255	rs11910293	rs2836825	40380782	40380977
21	67257	67270	rs17285812	rs2836834	40382167	40387484
21	67273	67334	rs13049645	rs74695560	40389017	40402761
21	67335	67344	rs35474192	rs56283994	40403534	40407661
21	67346	67458	rs9975707	rs2836873	40408322	40450830
21	67460	67463	rs73903503	rs8132483	40451787	40451844
21	67466	67467	rs2836877	rs8128521	40452573	40452693
21	67468	67474	rs369906	rs71316663	40453036	40455511
21	67475	67499	rs28756733	rs443669	40458722	40468430
21	67500	68281	rs113788741	rs147950627	40468498	40756312
21	68282	68307	rs10775662	rs2837008	40756675	40773487
21	68313	68315	rs138529128	rs12053751	40775481	40775499
21	68316	68341	rs8129564	rs9975823	40776919	40789762
21	68342	68469	rs74693568	rs5843967	40791462	40841565
21	68470	68490	rs143400985	rs1722873	40841784	40850424
21	68491	68492	rs113649267	rs62222762	40851158	40851164
21	68495	68555	rs12482418	rs1524929	40852337	40880174
21	68557	68560	rs11701208	rs11701232	40882091	40882149
21	68562	68611	rs7281425	rs10451760	40884871	40897159
21	68612	68613	rs28385575	rs60036944	40897474	40897534
21	68615	68666	rs376635320;rs483318	rs8130455	40898844	40909141
21	68667	68684	rs680033	rs619766	40909516	40911831
21	68685	68687	rs12626648	rs4818051	40912000	40912353
21	68688	68805	rs641771	rs533964367	40912381	40937368
21	68808	68816	rs523372	rs503729	40937929	40939493
21	68818	68828	rs658066	rs563259	40940223	40941412
21	68831	68843	rs630315	rs510750	40941847	40943106
21	68844	68847	rs602107	rs56255031	40943606	40944012
21	68848	68868	rs599377	rs636599	40944211	40947315
21	68871	68873	rs2837090	rs73904064	40947606	40947740
21	68874	68878	rs528499	rs555963	40947851	40948546
21	68883	68927	rs11701943	rs77669518	40949728	40962669
21	68930	68978	rs2410159	rs7276418	40963664	40980238
21	68982	68986	rs2837097	rs671324	40981260	40984446
21	68987	69019	rs474656	rs604755	40986120	41009637
21	69020	69045	rs531581	rs610353	41010251	41019858
21	69049	69073	rs11700951	rs28421599	41020752	41026963
21	69075	69076	rs2239386	rs11088491	41027823	41027854
21	69078	69086	rs631430	rs28556755	41028197	41030802
21	69087	69090	rs2837108	rs909182	41031610	41033816
21	69091	69099	rs2837109	rs4818067	41034215	41040695
21	69102	69103	rs2837112	rs9975062	41042699	41043005
21	69104	69134	rs9975884	rs1882778	41043190	41058874
21	69136	69139	rs9979149	rs60047968	41061958	41062116
21	69140	69192	rs12482736	rs2837129	41062268	41091419
21	69193	69198	rs7283208	rs73217229	41092791	41097744
21	69200	69219	rs78695875	rs1629066	41098725	41105129
21	69221	69226	rs9985061	rs2837135	41106040	41108661
21	69230	69231	rs460528	rs60218783	41111072	41111094
21	69232	69460	rs1735141	rs2837202	41111100	41144006
21	69463	69865	rs4818088	rs2837260	41144749	41225250
21	69868	69892	rs17826655	rs1888496	41227462	41237900
21	69897	69910	rs2299742	rs34361952	41240024	41246775
21	69911	69942	rs2837263	rs2837268	41247892	41259602
21	69943	69947	rs35758592	rs2837269	41259691	41259941
21	69949	69955	rs2299752	rs2103435	41260234	41261629
21	69957	69959	rs11088498	rs12627485	41263719	41263944
21	69961	69982	rs11702550	rs7280524	41264178	41269753
21	69984	70021	rs2075719	rs2299762	41270521	41277700
21	70022	70023	rs2299763	rs2299765	41277789	41277845
21	70025	70026	rs60836582	rs2244188	41278219	41278244
21	70029	70030	rs2244287	rs968582	41278929	41278955
21	70032	70064	rs2299767	rs9808778	41279583	41284682
21	70065	70066	rs9982624	rs9808781	41284691	41284713
21	70067	70068	rs9808780	rs73215394	41284790	41285022
21	70069	70162	rs7275590	rs34219509	41285036	41308677
21	70164	70166	rs35015343	rs11701899	41309176	41309347
21	70178	70293	rs11910354	rs13047941	41313717	41345765
21	70294	70295	rs11910718	rs1734848	41345972	41345994
21	70297	70298	rs75822133	rs62236605	41346212	41346214
21	70302	70304	rs62236619	rs992039	41348212	41348521
21	70306	70311	rs7275368	rs8134993	41350108	41351895
21	70312	70544	rs13051444	rs112144016	41352299	41411052
21	70545	70546	rs9983207	rs9983282	41412497	41412498
21	70548	70681	rs8128025	rs10222094	41413744	41454366
21	70684	70691	rs2837428	rs7275547	41459841	41462760
21	70692	70699	rs11701806	rs7276954	41463804	41464909
21	70701	70891	rs11701562	rs1554941	41467123	41529369
21	70892	70900	rs9983013	rs2837466	41529918	41531472
21	70904	70936	rs2837469	rs2837477	41532756	41542200
21	70938	70963	rs2898401	rs7278165	41544215	41555056
21	70965	70966	rs1882792	rs1000371	41555468	41555730
21	70967	71041	rs1000373	rs2837502	41556414	41578090
21	71043	71050	rs4375957	rs2837506	41578355	41581684
21	71051	71252	rs8131481	rs4541315	41581722	41664914
21	71253	71255	rs8129766	rs60272729	41665174	41665517
21	71262	71331	rs3818651	rs2205096	41668217	41683405
21	71336	71364	rs2026272	rs2837571	41686139	41704704
21	71366	71369	rs77608107	rs2837573	41707453	41709854
21	71370	71462	rs2297269	rs2837602	41710879	41760126
21	71465	71560	rs2837605	rs2837624	41761210	41801051
21	71561	71562	rs4816682	rs2205086	41801762	41802307
21	71564	71594	rs9981495	rs58704028	41803872	41816672
21	71599	71929	rs2837631	rs2837679	41818825	41902761
21	71930	71971	rs73364929	rs11700429	41902781	41909261
21	71972	72012	rs2837691	rs55714611	41909335	41917545
21	72018	72216	rs9975452	rs2837743	41919660	41981644
21	72217	72223	rs7283497	rs35243090	41981963	41983619
21	72224	72226	rs55918548	rs55868605	41983938	41984089
21	72228	72248	rs2837746	rs61049316	41985063	41992840
21	72250	72257	rs2837755	rs28526702	41994868	42000488
21	72259	72392	rs7277699	rs73218246	42002154	42028510
21	72393	72394	rs1537112	rs2837767	42029143	42029893
21	72400	72534	rs10854404	rs4818162	42031202	42058520
21	72538	72601	rs4818163	rs62223029	42060335	42084250
21	72602	72603	rs66461687	rs34236447	42084895	42085284
21	72604	72607	rs7276043	rs2837793	42085920	42087364
21	72609	72610	rs2837794	rs2837795	42088509	42088528
21	72611	72861	rs9975938	rs9978483	42089378	42182881
21	72866	72869	rs7283279	rs2837836	42185860	42188033
21	72873	72890	rs7278314	rs4818183	42192114	42199303
21	72895	72958	rs2898425	rs2837856	42201615	42215832
21	72959	73080	rs2837857	rs13049240	42216955	42258329
21	73081	73137	rs13046087	rs4581977	42258748	42274582
21	73138	73161	rs28706422	rs9982139	42276108	42281208
21	73162	73169	rs9982394	rs7283154	42281364	42282735
21	73170	73436	rs7275425	rs35976647	42282783	42378656
21	73439	73512	rs9980066	rs1888511	42381055	42415416
21	73514	73516	rs914165	rs2011706	42415929	42416146
21	73518	73521	rs13047849	rs2837913	42421994	42424186
21	73523	73524	rs2837914	rs66475040	42426365	42426384
21	73525	73529	rs34275925	rs9983689	42426694	42428264
21	73530	73531	rs2094877	rs62218915	42428769	42428951
21	73532	73751	rs2104809	rs8133605	42430011	42489128
21	73756	73762	rs9983022	rs11088542	42491221	42492511
21	73763	73764	rs11088543	rs8131452	42492724	42493587
21	73766	73784	rs10854410	rs36090957	42494807	42503585
21	73787	73889	rs1571731	rs11702409	42504356	42537012
21	73890	73898	rs9975138	rs734757	42538349	42543663
21	73908	73909	rs9977003	rs7844	42548721	42548829
21	73910	73913	rs9305729	rs16998089	42550402	42551626
21	73918	73919	rs3949725	rs77922633	42556413	42556519
21	73920	73940	rs8130833	rs2837966	42556885	42570701
21	73942	73946	rs9977370	rs750445	42571741	42572344
21	73948	73953	rs3787933	rs138837252	42573589	42576164
21	73954	73984	rs35291683	rs914183	42576275	42586495
21	73986	73987	rs2837969	rs10451740	42588377	42588731
21	73988	74011	rs9981547	rs2837974	42589384	42602735
21	74015	74027	rs2898441	rs1541103	42606524	42613344
21	74029	74031	rs2252576	rs67237909	42615293	42616201
21	74032	74033	rs113268167	rs9983699	42616476	42616479
21	74035	74137	rs2837982	rs58795078	42616731	42656617
21	74138	74204	rs2006737	rs368737104	42657187	42687402
21	74206	74217	rs66482320	rs4818232	42688931	42691645
21	74218	74240	rs12483517	rs433654	42691920	42707166
21	74244	74262	rs2158354	rs73226129	42710175	42714567
21	74264	74283	rs117006037	rs73226197	42715986	42723957
21	74284	74288	rs2525495	rs2189512	42724784	42727708
21	74290	74291	rs11910951	rs74771403	42728461	42728566
21	74292	74297	rs757368	rs982872	42729591	42731511
21	74298	74335	rs411048	rs7277504	42732206	42751583
21	74336	74337	rs7277541	rs2074560	42751659	42752338
21	74338	74342	rs2838032	rs8127870	42753128	42756996
21	74343	74357	rs373066	rs9305743	42757620	42764948
21	74362	74419	rs73905353	rs462903	42767078	42797606
21	74420	74421	rs17000900	rs2071430	42798030	42798065
21	74423	74435	rs28631006	rs9978945	42799513	42803435
21	74436	74444	rs466591	rs458939	42803526	42805122
21	74445	74514	rs468672	rs467574	42806164	42819205
21	74517	74518	rs468699	rs8133682	42819922	42819974
21	74519	74579	rs467477	rs13050483	42820009	42828907
21	74580	74581	rs13049835	rs2238715	42828967	42829526
21	74582	74728	rs469459	rs401371	42829721	42864812
21	74736	74737	rs455045	rs415731	42868888	42869063
21	74738	74767	rs1003030	rs28707508	42869606	42881166
21	74768	74769	rs12626358	rs8128074	42881317	42881492
21	74770	74886	rs56218846	rs1893657	42881937	42905374
21	74887	74894	rs9978632	rs9983011	42906668	42909862
21	74895	74919	rs9975074	rs9979417	42911032	42915988
21	74921	74922	rs76446838	rs7276024	42916958	42917073
21	74924	74925	rs7278987	rs7278990	42917421	42917425
21	74926	74962	rs9975499	rs2838063	42918166	42929129
21	74963	74985	rs8129024	rs9984248	42929773	42935318
21	74986	74987	rs9305752	rs2000762	42935673	42936114
21	74988	75088	rs11700822	rs67005479	42936140	42955066
21	75090	75092	rs76705102	rs62219341	43005665	43005842
21	75096	75163	rs4919948	rs4378891	43008811	43033338
21	75166	75203	rs9977018	rs9976507	43036969	43046407
21	75206	75264	rs2309093	rs78902658	43047492	43063018
21	75265	75281	rs2838083	rs2262275	43063044	43073076
21	75285	75289	rs8129208	rs140819515	43074507	43074851
21	75290	75291	rs113037647	rs149790713	43074915	43074950
21	75293	75297	rs2849683	rs147304875	43075687	43077074
21	75299	75300	rs9977719	rs2849687	43077791	43078849
21	75301	75320	rs73233513	rs2849694	43079004	43082635
21	75321	75323	rs2849695	rs2849696	43083543	43084120
21	75324	75381	rs55989370	rs2849705	43084701	43098465
21	75382	75383	rs2776363	rs2776364	43098472	43098532
21	75385	75388	rs7279061	rs56289122	43099309	43101272
21	75390	75393	rs55657757	rs9917486	43101538	43102097
21	75394	75460	rs12626676	rs8133496	43102900	43121793
21	75464	75468	rs6586225	rs35818176	43122327	43122699
21	75469	75486	rs8134348	rs36039951	43123000	43125331
21	75487	75498	rs11701738	rs8128818	43125358	43128660
21	75499	75535	rs13047904	rs2838096	43128697	43133829
21	75536	75537	rs62214245	rs62214246	43134690	43134734
21	75543	75561	rs4919931	rs13046117	43135545	43139766
21	75562	75580	rs141166475	rs6586231	43139847	43141552
21	75581	75582	rs116837266	rs55711022	43141705	43142343
21	75583	75586	rs35677462	rs78577734	43142596	43143345
21	75587	75588	rs2309103	rs7283002	43143936	43144340
21	75589	75590	rs11909423	rs7283489	43145258	43145299
21	75591	75592	rs8126818	rs4407339	43145748	43145983
21	75593	75666	rs183334901	rs67791554	43146009	43168426
21	75669	75763	rs2838114	rs3018511	43169357	43197931
21	75764	75765	rs2989342	rs3017437	43198325	43198329
21	75768	75921	rs12627347	rs62216233	43199978	43241014
21	75926	75928	rs28546531	rs28648706	43241938	43242091
21	75930	76061	rs28360603	rs4346474	43242207	43273404
21	76064	76079	rs915832	rs9983386	43275495	43282436
21	76081	76166	rs73906110	rs35840201	43282707	43303558
21	76170	76175	rs3169	rs2236440	43305463	43306101
21	76180	76199	rs2839403	rs2839408	43309191	43313056
21	76200	76202	rs9978354	rs883997	43313128	43313683
21	76204	76236	rs73363122	rs396690	43314284	43320750
21	76239	76240	rs3819159	rs382736	43321426	43321528
21	76241	76316	rs1004810	rs9977215	43322304	43343190
21	76319	76416	rs13052308	rs1041451	43347556	43389361
21	76417	76420	rs403803	rs11701415	43390099	43390682
21	76421	76453	rs2839424	rs11702415	43390701	43397385
21	76456	76534	rs13047562	rs28378451	43397780	43436630
21	76536	76560	rs75601502	rs220216	43438017	43441554
21	76561	76570	rs11701770	rs58417802	43441834	43443113
21	76578	76611	rs73221486	rs12482564	43445366	43455479
21	76612	76614	rs220241	rs457186	43455957	43456164
21	76615	76617	rs56003408	rs9753864	43456812	43457774
21	76624	76625	rs2839449	rs220246	43459991	43460310
21	76632	76649	rs150794	rs150800	43461809	43469844
21	76650	76665	rs1869770	rs220253	43470113	43475879
21	76666	76682	rs220254	rs58416994	43476375	43480462
21	76683	76685	rs412911	rs220261	43480843	43481394
21	76687	76726	rs73371516	rs456429	43481900	43495459
21	76729	76738	rs220286	rs220291	43496381	43498042
21	76739	76745	rs12481732	rs8132555	43498344	43499442
21	76747	76763	rs58607665	rs220302	43501317	43508822
21	76764	76787	rs220303	rs220309	43509699	43517440
21	76788	76861	rs220310	rs2051401	43518323	43530856
21	76862	76886	rs220125	rs220139	43530897	43535390
21	76887	76905	rs73223546	rs35048950	43536262	43540955
21	76907	76919	rs220150	rs220157	43541342	43546705
21	76920	76965	rs9984766	rs220169	43547612	43555174
21	76968	76972	rs11911271	rs2839472	43555491	43555707
21	76975	76977	rs11701867	rs11701890	43556732	43556801
21	76978	77171	rs220174	rs221950	43556893	43612441
21	77172	77178	rs915844	rs73225405	43612494	43613428
21	77179	77252	rs77574686	rs4148104	43613526	43642438
21	77253	77254	rs225411	rs225412	43643047	43643100
21	77256	77287	rs2032260	rs9979482	43643591	43662341
21	77289	77299	rs178744	rs3787979	43662796	43670657
21	77300	77349	rs225374	rs111213058	43671633	43687747
21	77352	77364	rs532345	rs2234718	43689491	43697195
21	77367	77408	rs4148124	rs79592672	43698255	43703324
21	77409	77410	rs8130349	rs1311800	43703787	43703866
21	77411	77412	rs8132393	rs8130657	43704002	43704003
21	77416	77419	rs10788646	rs3788007	43705330	43706776
21	77423	77438	rs4920080	rs56408756	43708766	43714935
21	77439	77442	rs2276235	rs56337741	43715013	43716554
21	77444	77473	rs55753316	rs8128478	43717409	43726490
21	77475	77553	rs225436	rs7282350	43729034	43755238
21	77554	77560	rs170430	rs7276992	43756824	43757704
21	77561	77563	rs178737	rs692532	43758901	43759582
21	77564	77650	rs73225463	rs225355	43759747	43784482
21	77651	77657	rs225356	rs3761376	43786068	43787038
21	77658	77659	rs225359	rs35448902	43787436	43787501
21	77661	77689	rs8129470	rs225311	43788609	43793772
21	77691	77728	rs748371	rs12626303	43794386	43806603
21	77732	77733	rs186531	rs225432	43808927	43808964
21	77734	77737	rs225433	rs928302	43809418	43810084
21	77738	77750	rs225313	rs225320	43812354	43815876
21	77751	77752	rs3814902	rs3829962	43816548	43816624
21	77755	77905	rs7277003	rs11910104	43817297	43866169
21	77906	77907	rs884339	rs884340	43866505	43866538
21	77908	77940	rs3827232	rs1475890	43867059	43877017
21	77942	77993	rs2839526	rs1043807	43877964	43892875
21	77994	77998	rs2839532	rs112063504	43893184	43895577
21	77999	78004	rs4920111	rs2839533	43895661	43897026
21	78006	78007	rs13048879	rs56825875	43897211	43897276
21	78008	78009	rs11700646	rs190105066	43897293	43897303
21	78011	78013	rs532561393	rs562983482	43897332	43897334
21	78018	78036	rs7280255	rs111448193	43900478	43914971
21	78037	78094	rs2839538	rs2839539	43915541	43945703
21	78095	78260	rs3788020	rs56156315	43947353	43989708
21	78262	78263	rs116859718	rs117253143	43990079	43990110
21	78264	78403	rs9977798	rs410700	43990177	44021573
21	78405	78406	rs1788420	rs1788421	44021992	44022258
21	78407	78409	rs1232668	rs444435	44022516	44022793
21	78411	78423	rs412793	rs13048583	44023644	44025182
21	78424	78430	rs147474145	rs7281185	44025311	44030109
21	78432	78444	rs411700	rs62650017	44031855	44036101
21	78445	78447	rs9974636	rs2839564	44036302	44036848
21	78448	78449	rs431460	rs66519542	44036929	44037888
21	78450	78483	rs375886	rs12627291	44038248	44051327
21	78486	78487	rs62213046	rs62213047	44053205	44053244
21	78488	78561	rs438983	rs228037	44053351	44071639
21	78563	78565	rs228039	rs8134355	44072193	44072377
21	78566	78567	rs2269125	rs228040	44072445	44072476
21	78569	78589	rs34332550	rs1078487	44073073	44078799
21	78592	78594	rs6586337	rs60013180	44080731	44080978
21	78596	78653	rs34909767	rs2251273	44081203	44101079
21	78655	78659	rs8131429	rs2269140	44101738	44103996
21	78660	78816	rs8134359	rs12483187	44104825	44154679
21	78819	78827	rs2839580	rs75905062	44157091	44158447
21	78829	78837	rs9976235	rs11203213	44160538	44161845
21	78839	78841	rs7279707	rs9983593	44164430	44164950
21	78844	78860	rs2839583	rs4920000	44168608	44174445
21	78862	78867	rs2269160	rs11702144	44175596	44178992
21	78868	78870	rs13047953	rs1547379	44180443	44180916
21	78873	78880	rs2269164	rs1972271	44181898	44183036
21	78881	78882	rs7282501	rs74485808	44184380	44184483
21	78883	78884	rs2284970	rs2284971	44185794	44185795
21	78885	78912	rs2284972	rs6586347	44185993	44190077
21	78913	78914	rs7283513	rs7281623	44190435	44190468
21	78915	78916	rs2269172	rs2269173	44190680	44191131
21	78917	78919	rs2269174	rs2269175	44191331	44191431
21	78921	78922	rs9981362	rs57377108	44192024	44192136
21	78923	78924	rs2276240	rs9974366	44192240	44192335
21	78925	78927	rs61128886	rs7279035	44193830	44194083
21	78928	78929	rs71320558	rs7283696	44194175	44194195
21	78931	78955	rs9637296	rs9976865	44195374	44200954
21	78956	78957	rs12483164	rs12483683	44201769	44201788
21	78958	78960	rs115522930	rs115576229	44201860	44201866
21	78961	78967	rs2002004	rs1571738	44203367	44206215
21	78969	79480	rs1001542	rs62217610	44207289	44358481
21	79482	80105	rs9637299	rs112946313	44360107	44509162
21	80106	80152	rs28479808	rs7278289	44509578	44537071
21	80154	80155	rs4317023	rs2401197	44537233	44537234
21	80156	80196	rs4334574	rs2839639	44537270	44569554
21	80198	80218	rs112545620	rs2187311	44569929	44580741
21	80221	80228	rs8130288	rs36067897	44583170	44585615
21	80232	80316	rs9983145	rs35262822	44588115	44616883
21	80317	80328	rs4538294	rs13052510	44617549	44624291
21	80330	80351	rs8133281	rs28972086	44626269	44632513
21	80352	80358	rs189068354	rs113743762	44688112	44695577
21	80362	80384	rs12482212	rs730144	44701381	44712881
21	80386	80414	rs60605590	rs11911601	44713530	44720839
21	80417	80419	rs60206358	rs8130169	44721448	44721475
21	80422	80430	rs2838251	rs4052337	44722537	44723681
21	80432	80453	rs762393	rs560548	44725971	44732665
21	80457	80465	rs2838254	rs75972870	44736315	44738989
21	80471	80498	rs688515	rs482182	44741551	44749901
21	80499	80588	rs86133	rs7277802	44750200	44773812
21	80593	80594	rs648047	rs560511	44775519	44775561
21	80595	80602	rs76208778	rs1000472	44776311	44777878
21	80603	80605	rs1475879	rs78731524	44778314	44778485
21	80608	80731	rs579870	rs2838298	44779082	44817248
21	80732	80733	rs77155734	rs58470253	44817463	44817871
21	80734	80746	rs510170	rs7282901	44819411	44824263
21	80750	80753	rs13051273	rs581115	44825421	44825431
21	80759	80766	rs112126393	rs4818955	44826438	44829087
21	80767	80848	rs8131260	rs162361	44829147	44857962
21	80849	80862	rs7281188	rs229349	44858002	44860143
21	80865	80869	rs162353	rs73223039	44862077	44864091
21	80870	81232	rs117983112	rs114172353	44864184	45117256
21	81233	81268	rs914197	rs7283428	45117439	45127914
21	81269	81271	rs7280160	rs7279400	45127950	45128190
21	81273	81274	rs3916995	rs6518315	45128454	45129700
21	81276	81288	rs4818862	rs13053089	45130773	45135385
21	81290	81325	rs9985172	rs2299805	45136843	45148308
21	81326	81330	rs6518317	rs2838358	45149025	45151046
21	81331	81337	rs766242	rs2299806	45151472	45154144
21	81338	81339	rs9985073	rs73373294	45155876	45157128
21	81340	81342	rs112089509	rs9984818	45158489	45158689
21	81345	81346	rs2299807	rs2299808	45160099	45160231
21	81349	81355	rs184456882	rs150747429	45161043	45162820
21	81357	81384	rs4594536	rs8128639	45164854	45175571
21	81389	81391	rs17004606	rs77753871	45176621	45177719
21	81392	81654	rs79015423	rs4819317	45178995	45251102
21	81656	81671	rs2838413	rs7277069	45251502	45254776
21	81672	81684	rs2838422	rs76758772	45255151	45257445
21	81685	81688	rs2876902	rs59535492	45257525	45258418
21	81689	81690	rs73224999	rs112218894	45259325	45259438
21	81692	81762	rs73369341	rs12483101	45260366	45280717
21	81763	81769	rs1573473	rs148913001	45282421	45285042
21	81770	81902	rs4819337	rs4819350	45287501	45357301
21	81907	81915	rs2838444	rs2277804	45360862	45365248
21	81916	81917	rs11911486	rs2838446	45366893	45367152
21	81918	81926	rs3788086	rs8134198	45367464	45369535
21	81928	81961	rs57209759	rs6518342	45370567	45387109
21	81962	82002	rs57924870	rs76426094	45388353	45408170
21	82004	82395	rs62229690	rs2838511	45408363	45589980
21	82397	82417	rs7278570	rs73228973	45593802	45607209
21	82419	82422	rs116383843	rs6518349	45607996	45608818
21	82423	82525	rs2329708	rs12626606	45610099	45633250
21	82526	82548	rs11089118	rs7281181	45633388	45635454
21	82549	82551	rs7279626	rs7276425	45635616	45635745
21	82552	82664	rs2329711	rs188906874	45636387	45661871
21	82667	82694	rs9974367	rs7354779	45662979	45670770
21	82698	82699	rs138259521	rs149606722	45672494	45672496
21	82700	82737	rs138247506	rs2838537	45672692	45683575
21	82738	82739	rs60258898	rs7276937	45684379	45684394
21	82740	82767	rs7279460	rs62226882	45684764	45693789
21	82768	82769	rs11910242	rs28642034	45693790	45694258
21	82771	82779	rs7275515	rs55800836	45695743	45697334
21	82780	82798	rs2776372	rs2776376	45697446	45700844
21	82799	82803	rs57496049	rs909424	45700925	45701764
21	82804	82805	rs743480	rs2850167	45701801	45702354
21	82807	82814	rs2850168	rs2776377	45703200	45704644
21	82816	82819	rs751032	rs878080	45705660	45708021
21	82821	82834	rs1003853	rs2741985	45708848	45711867
21	82837	82856	rs1800521	rs181640012	45712977	45720097
21	82857	82954	rs56295824	rs7279267	45720571	45744110
21	82956	82987	rs928303	rs66916924	45744982	45756069
21	82989	83021	rs3788121	rs4818712	45756900	45767733
21	83023	83024	rs2096860	rs56306722	45768598	45770681
21	83025	83028	rs59394517	rs9975520	45770725	45773439
21	83031	83253	rs4818910	rs762428	45776701	45845807
21	83255	83263	rs113617641	rs2238724	45848449	45852949
21	83265	83266	rs762429	rs73907188	45853469	45853470
21	83267	83280	rs2238726	rs9979491	45853851	45856615
21	83281	83373	rs4818920	rs6518192	45856799	45891217
21	83377	83414	rs12627610	rs233228	45895759	45934200
21	83415	83430	rs60390607	rs233313	45939057	45952000
21	83432	83437	rs9975101	rs62218856	45955372	45958500
21	83438	83495	rs233315	rs233250	45959097	45975681
21	83500	83558	rs12483390	rs233284	45978488	45992475
21	83561	83570	rs233285	rs147092661	45993819	45996111
21	83572	83632	rs457974	rs369111	45997846	46008055
21	83633	83644	rs233287	rs170851	46008215	46009057
21	83646	83779	rs77195697	rs113104086	46009781	46035414
21	83780	83799	rs2226832	rs463741	46035483	46042170
21	83800	83802	rs2838600	rs8126931	46042213	46042375
21	83806	84015	rs8132826	rs13047821	46043454	46092868
21	84018	84377	rs145033348	rs2256843	46093895	46174491
21	84378	84379	rs387361	rs425865	46174981	46174999
21	84382	84383	rs13050798	rs1107053	46175366	46175545
21	84385	84386	rs396999	rs35907272	46175935	46175937
21	84388	84391	rs4818971	rs2838671	46176796	46176941
21	84394	84398	rs9647228	rs73906912	46178515	46178959
21	84399	84803	rs434608	rs173098	46179024	46307551
21	84806	84832	rs2075884	rs170963	46310530	46318146
21	84834	84836	rs35370671	rs2838730	46319069	46319492
21	84843	84900	rs2235133	rs12626397	46321172	46336082
21	84907	84908	rs56332357	rs56056043	46337226	46337271
21	84911	84945	rs73376530	rs3761397	46338151	46342629
21	84946	84964	rs56140450	rs4818984	46343481	46347116
21	84965	84966	rs4818985	rs4818986	46347169	46347345
21	84970	85246	rs9983174	rs914224	46349031	46421531
21	85249	85283	rs58638188	rs71324403	46422296	46441489
21	85285	85434	rs2838753	rs11700654	46441947	46483820
21	85438	85440	rs6518211	rs2150438	46485406	46485941
21	85441	86069	rs34996395	rs73238103	46485985	46743068
21	86070	86080	rs117087460	rs8131252	46743400	46745641
21	86083	86120	rs56129256	rs9637167	46747480	46759886
21	86125	86306	rs4819066	rs62216274	46762448	46804768
21	86307	86336	rs62216275	rs12483239	46804793	46812316
21	86338	86341	rs7280041	rs56232976	46812760	46813087
21	86344	86366	rs537759926	rs62216279	46813732	46819726
21	86370	86373	rs8128939	rs2094886	46820936	46820991
21	86374	86378	rs2094887	rs61674626	46821026	46822325
21	86382	86383	rs12626452	rs80327334	46822919	46824261
21	86384	86385	rs572810079	rs534663682	46825033	46825034
21	86386	86407	rs34513968	rs71334063	46825678	46832345
21	86408	86409	rs2838907	rs4819099	46834311	46834814
21	86410	86427	rs7281138	rs35387814	46835125	46839375
21	86429	86430	rs2838917	rs13050115	46839904	46841119
21	86431	86434	rs2838920	rs8131523	46841398	46842443
21	86435	86710	rs78833614	rs2330180	46842500	46916046
21	86717	86743	rs28434474	rs8126955	46917975	46922934
21	86748	86800	rs3753019	rs12482346	46924785	46937627
21	86801	86802	rs73228789	rs7278332	46939506	46940524
21	86803	86848	rs9976313	rs4818790	46940838	46959979
21	86850	86948	rs112870937	rs56096700	46961835	47011606
21	86949	86951	rs55998361	rs9647239	47011777	47012453
21	86953	86998	rs11089016	rs34574907	47014657	47031149
21	87000	87018	rs11701131	rs35911532	47032136	47039789
21	87021	87026	rs4819134	rs61540945	47041631	47044049
21	87027	87903	rs34627227	rs1076608	47044493	47405593
21	87904	87925	rs73159603	rs760438	47405598	47412511
21	87926	87997	rs760439	rs2839078	47412524	47429769
21	87998	88003	rs62211779	rs16978755	47430210	47431031
21	88004	88114	rs2096958	rs2839093	47431178	47469221
21	88122	88286	rs28528982	rs11700987	47470831	47491264
21	88288	88307	rs73159671	rs8126974	47493656	47498238
21	88310	88311	rs75926490	rs540778196	47499841	47499845
21	88314	88356	rs61042748	rs2236490	47500830	47512330
21	88357	88560	rs12481997	rs55761347	47512718	47570266
21	88567	88569	rs2839127	rs8126678	47573550	47573887
21	88570	88571	rs7279849	rs1556339	47574463	47574799
21	88573	88706	rs1556340	rs8128293	47574960	47598922
21	88708	88714	rs55976226	rs8134429	47599013	47600157
21	88716	88719	rs9979331	rs6518276	47600923	47602157
21	88720	89994	rs67381056	rs13048683	47602249	48035163
21	89995	90002	rs8128043	rs993461	48035287	48037343
21	90003	90005	rs117906758	rs146685117	48037968	48038426
21	90006	90008	rs9980033	rs13047179	48038639	48038943
21	90011	90012	rs68100343	rs11910707	48040562	48042513
21	90013	90026	rs11910985	rs59272843	48042766	48047621
21	90029	90034	rs34038027	rs10084621	48047868	48049235
21	90035	90118	rs60526571	rs201322600	48049518	48114083
21	90119	90121	rs200588038	rs149048580	48114644	48119634
