chr	start.index	end.index	start.rsID	end.rsID	start.bp	end.bp
21	1	7	rs78200054	rs78109722	9411410	9413228
21	9	10	rs77603406	rs71220528	9413839	9413840
21	11	23	rs77312274	rs1850112	9413995	9420476
21	30	31	rs572597602	rs535212017	9431839	9431841
21	35	36	rs560429527	rs529391366	9432346	9432347
21	37	38	rs562843516	rs531752127	9432456	9432457
21	42	43	rs148318832	rs546373346	9438531	9442175
21	46	48	rs556038829	rs372796018	9448237	9448874
21	53	55	rs368741731	rs370881841	9456045	9456326
21	62	68	rs576309716	rs558507375	9467086	9471670
21	69	79	rs372100035	rs549828007	9471819	9476405
21	83	89	rs375645574	rs562036486	9477699	9479702
21	91	92	rs145077806	rs371191807	9483659	9484839
21	93	97	rs538030587	rs183964216	9488971	9489447
21	98	102	rs143995096	rs373788636	9489513	9489703
21	103	104	rs147740501	rs371747243	9491375	9491645
21	105	106	rs572382840	rs535029516	9491887	9491888
21	111	112	rs373213682	rs377470064	9498191	9498193
21	113	117	rs372316387	rs532435268	9498692	9501378
21	118	123	rs369640476	rs376868439	9502837	9505960
21	125	126	rs369472332	rs376042200	9507749	9507863
21	128	129	rs562699513	rs531794488	9509987	9509988
21	130	131	rs79827568	rs77838989	9510482	9510483
21	133	139	rs372671008	rs371849072	9513829	9520088
21	142	153	rs373632895	rs367735759	9524016	9525506
21	157	172	rs373140425	rs368109465	9528972	9541294
21	178	179	rs370585618	rs370950715	9543982	9544100
21	180	183	rs558160975	rs566682711	9547190	9547523
21	184	185	rs71233187	rs376947473	9549009	9549012
21	187	188	rs536422311	rs556740018	9549614	9549615
21	193	194	rs370330570	rs375266867	9551883	9551884
21	195	196	rs189168059	rs181888158	9552124	9552125
21	198	216	rs144645838	rs76343155	9553168	9573718
21	220	257	rs71226531	rs374736099	9575245	9594966
21	260	261	rs78008576	rs76379973	9646689	9646690
21	262	292	rs71236988	rs67161561	9646797	9672646
21	296	297	rs376129107	rs370793666	9678948	9678949
21	299	300	rs375307259	rs368214816	9679292	9679293
21	302	303	rs74776735	rs77930715	9679783	9679917
21	305	308	rs371084203	rs375728540	9682159	9682497
21	310	311	rs372994818	rs565993738	9684872	9684873
21	313	321	rs548850831	rs367904612	9689691	9694695
21	323	326	rs368558230	rs539350014	9695781	9695835
21	328	330	rs555556284	rs544607682	9696141	9696210
21	332	333	rs371038925	rs375697842	9697625	9697626
21	339	340	rs369796797	rs373503802	9702262	9702265
21	341	342	rs372287485	rs576379466	9702345	9702346
21	347	348	rs545047818	rs371260138	9703754	9704093
21	350	356	rs370574090	rs370593890	9707949	9725930
21	376	533	rs377252712	rs553110991	9827703	9882476
21	534	642	rs371361273	rs540226439	9882531	9935940
21	643	653	rs11122791	rs550080371	9935942	9936022
21	654	656	rs557383280	rs571234861	9936220	9936531
21	658	661	rs376680575	rs143826215	9943564	9944586
21	662	666	rs367630145	rs368029614	9945532	9947580
21	667	668	rs76496921	rs182450138	9948970	9949412
21	672	679	rs145837540	rs186554803	9950495	9954524
21	680	681	rs189820349	rs550099610	9955015	9955585
21	682	688	rs369439797	rs376609219	9955756	9956474
21	689	690	rs371172381	rs370937705	9956634	9957096
21	693	701	rs555971461	rs188114828	9959180	9960291
21	707	708	rs370796855	rs373503335	9971001	9971002
21	711	714	rs376101925	rs139082501	9972507	9972912
21	717	718	rs368323051	rs143204512	9978998	9979382
21	719	720	rs550923796	rs373994453	9983144	9983438
21	723	724	rs564612246	rs533350188	9987288	9987289
21	726	729	rs368442178	rs372828473	9987432	9988037
21	730	732	rs369766960	rs370518976	9988907	9989196
21	733	743	rs374713378	rs377174280	9990085	9997119
21	744	745	rs76965493	rs79314769	9997138	9997143
21	746	747	rs377366724	rs555291198	9997502	9997503
21	755	774	rs371202181	rs368464015	10005063	10027140
21	775	776	rs370220027	rs374373576	10031728	10031831
21	777	781	rs373726865	rs372693239;rs368011188	10085418	10086156
21	782	788	rs569076240	rs375536533	10087064	10123188
21	793	797	rs71255477	rs573941384	10141336	10141535
21	806	811	rs371361364	rs557740289	10187291	10200903
21	814	818	rs372309948	rs375719050	10205589	10208997
21	820	822	rs527858118	rs368117819	10370644	10374201
21	826	846	rs77936844	rs2948871	10405443	10438350
21	850	851	rs2995451	rs2948860	10444217	10444219
21	852	859	rs71234354	rs4406515	10444988	10456521
21	860	863	rs2261817	rs78386124	10458022	10461007
21	870	906	rs77236540	rs3905190	10482949	10547956
21	909	919	rs75650809	rs71229866	10558857	10591074
21	921	923	rs373510463	rs4913173	10596027	10598148
21	927	954	rs370219104	rs369483871	10603897	10640707
21	963	2247	rs112954616	rs1807615	10698707	11186346
21	2251	2617	rs8128512	rs2847441	14340319	14599450
21	2621	2622	rs140689045	rs2847439	14599980	14600130
21	2625	2881	rs2775538	rs3126365	14601492	14710274
21	2882	3265	rs11910476	rs141101370	14711449	14832807
21	3269	3272	rs57043260	rs3133510	14835359	14835947
21	3273	3431	rs8128730	rs141800519	14836044	14888960
21	3435	3436	rs73155695	rs201467173	14889913	14890004
21	3437	3438	rs73893723	rs73893725	14890053	14890076
21	3439	3667	rs28705954	rs568883905	14890661	15012081
21	3671	3697	rs202212566	rs62211858	15013714	15027517
21	3698	3699	rs62214003	rs4046714	15075861	15075877
21	3700	3701	rs7275964	rs7276264	15090177	15090335
21	3702	3709	rs142399927	rs56034639	15105913	15136191
21	3710	3724	rs7282370	rs117212750	15152923	15155657
21	3725	3739	rs62208755	rs114068648	15164647	15182288
21	3740	3741	rs142244738	rs80236146	15184741	15185054
21	3743	3745	rs114870571	rs79227417	15186550	15195144
21	3746	3752	rs148940078	rs115360399	15199184	15200175
21	3753	3754	rs567433334	rs67792948	15200370	15200378
21	3756	3759	rs147467515	rs9976954	15200809	15201031
21	3760	3769	rs6518110	rs114771736	15201220	15202502
21	3770	3884	rs2822189	rs114326345	15202922	15223839
21	3886	3892	rs61143513	rs77939754	15223864	15224436
21	3893	3923	rs57408353	rs72490160	15224775	15230324
21	3924	3932	rs9979059	rs9977095	15230448	15231151
21	3935	3937	rs9979169	rs12329772	15231184	15231192
21	3940	3941	rs142964834	rs150673232	15231298	15231306
21	3942	4095	rs143584635	rs9977976	15231482	15251501
21	4096	4104	rs9974323	rs150776032	15251790	15253354
21	4105	4113	rs9977534	rs2150362	15253476	15254925
21	4116	4119	rs9636704	rs35950464	15255050	15255805
21	4123	4185	rs79522504	rs113521853	15256626	15263131
21	4187	4218	rs376209039	rs11701593	15263208	15266506
21	4220	4316	rs150756961	rs4046572	15266777	15279091
21	4319	4320	rs2822234	rs72490199	15279299	15279395
21	4323	4324	rs138413031	rs191310485	15279827	15279902
21	4331	4345	rs382908	rs72490200	15280492	15285369
21	4346	4351	rs3133025	rs2822248	15286235	15287153
21	4353	4608	rs2822252	rs384047	15288262	15342395
21	4609	4610	rs384202	rs59271677	15342572	15342905
21	4612	4613	rs142131373	rs11911060	15345149	15345152
21	4614	4615	rs8128952	rs62208206	15345167	15345168
21	4617	4618	rs143092705	rs8128969	15345198	15345208
21	4619	4651	rs117852611	rs1297046	15345734	15355944
21	4652	4741	rs112464323	rs1297104	15356613	15386482
21	4744	4747	rs187310187	rs2896649	15387095	15387106
21	4749	4750	rs142954660	rs2822365	15387224	15387278
21	4753	4754	rs117630461	rs2525598	15388284	15388328
21	4755	4897	rs9981958	rs79391242	15388495	15449854
21	4901	4902	rs75130270	rs79484469	15451212	15451250
21	4906	4908	rs35823367	rs12626431	15452853	15452985
21	4910	5172	rs61383485	rs8131931	15453973	15528501
21	5173	5320	rs77602229	rs147478670	15529206	15586117
21	5324	5325	rs2058461	rs1006837	15589279	15589934
21	5326	5740	rs108885	rs2276213	15589940	15660685
21	5741	5749	rs1153305	rs77082462	15660716	15665885
21	5750	6070	rs62227534	rs722028	15666208	15726796
21	6072	6073	rs4817140	rs11911121	15727339	15727354
21	6075	6311	rs2822620	rs2142235	15728574	15820563
21	6313	6315	rs9974385	rs9305334	15824495	15824732
21	6316	6335	rs8133619	rs9977213	15825812	15842093
21	6339	6362	rs2822676	rs2822689	15844481	15854413
21	6367	6383	rs17003264	rs2822703	15857425	15862701
21	6390	6402	rs116136	rs2274796	15865123	15870638
21	6403	6478	rs17003324	rs2822736	15871788	15898681
21	6479	6496	rs2822737	rs28647773	15898791	15902679
21	6498	6555	rs4817236	rs2223092	15905580	15927837
21	6557	6609	rs7275507	rs28702407	15929330	15949527
21	6611	6612	rs7276949	rs112452390	15950781	15950842
21	6613	6641	rs4817266	rs463397	15951414	15959473
21	6642	6643	rs419430	rs410429	15960048	15960091
21	6644	6661	rs62227219	rs456739	15960230	15963450
21	6662	6667	rs456811	rs460852	15964119	15966421
21	6668	6672	rs461178	rs458525	15967973	15970507
21	6673	6826	rs466541	rs13052089	15970716	16044788
21	6827	6828	rs2822826	rs11909391	16045615	16045713
21	6829	6862	rs2045586	rs4102495	16046072	16057171
21	6863	6874	rs3900478	rs960479	16057300	16060592
21	6875	7044	rs467116	rs467364	16062725	16091904
21	7045	7192	rs2246699	rs2822906	16092214	16134783
21	7194	7195	rs2244991	rs2403806	16136170	16136181
21	7196	7211	rs11702007	rs2822914	16137182	16139062
21	7213	7215	rs62219668	rs79754834	16139243	16139409
21	7216	7377	rs2178898	rs55722833	16140347	16214544
21	7381	7382	rs8131259	rs75418177	16216399	16217227
21	7383	7384	rs2210218	rs59998926	16217936	16218750
21	7385	7409	rs73346207	rs2142455	16219917	16240210
21	7411	7412	rs35007911	rs13048145	16242551	16242806
21	7413	7442	rs1474546	rs909389	16244666	16255960
21	7445	7470	rs2822971	rs7276494	16259220	16282459
21	7471	7511	rs9982221	rs138977171	16282869	16314355
21	7517	7578	rs80038285	rs2736089	16319391	16347460
21	7580	7707	rs909385	rs9305530	16349257	16395379
21	7708	7709	rs7281871	rs78421503	16395753	16395958
21	7712	7795	rs77448750	rs2223042	16397062	16438079
21	7797	7798	rs13049809	rs2223043	16438779	16438793
21	7799	7837	rs58642793	rs73338846	16438962	16451188
21	7838	7839	rs78908619	rs2039239	16451233	16451439
21	7840	7841	rs73174536	rs975336	16451540	16451845
21	7843	7850	rs77235895	rs2142223	16452056	16455727
21	7852	7896	rs74363402	rs55666326	16456314	16480432
21	7898	7910	rs2823061	rs2026850	16481665	16486886
21	7911	7914	rs8126783	rs141594153	16487408	16487467
21	7916	7996	rs2026851	rs10482865	16488347	16511502
21	7998	8032	rs2403880	rs9974856	16512155	16525099
21	8036	8043	rs79104782	rs6517262	16528752	16532927
21	8044	8051	rs9975709	rs11088299	16533640	16536756
21	8052	8054	rs2823109	rs9976384	16537728	16541063
21	8055	8110	rs7282135	rs2823137	16541185	16575042
21	8111	8118	rs2823138	rs2823142	16576493	16579952
21	8122	8124	rs2823145	rs2064040	16583092	16584341
21	8125	8137	rs2823147	rs13046557	16584560	16588359
21	8138	8143	rs2823156	rs4564868	16588680	16590974
21	8144	8146	rs12483618	rs62219022	16591054	16591235
21	8147	8187	rs149096746	rs13052858	16591357	16600859
21	8189	8228	rs396032	rs12152049	16601839	16638910
21	8229	8230	rs2823192	rs9305574	16640923	16641226
21	8231	8247	rs926132	rs2823207	16645589	16663004
21	8248	8287	rs12483065	rs4817800	16663614	16689605
21	8288	8293	rs2823232	rs9982060	16690298	16694048
21	8298	8332	rs28478640	rs1297246	16696415	16726906
21	8333	8355	rs117211563	rs1736010	16730946	16766113
21	8356	8417	rs77826155	rs7279911	16766466	16797068
21	8419	8421	rs2403967	rs34814096	16798463	16798616
21	8422	8429	rs12482706	rs17209200	16798661	16802554
21	8430	8504	rs1736013	rs2823289	16804330	16841195
21	8505	8506	rs13049055	rs2823290	16841301	16841303
21	8508	8549	rs12627419	rs9978349	16843157	16867076
21	8552	8553	rs4315611	rs80271204	16868875	16869023
21	8555	8557	rs2823309	rs2823311	16869822	16869887
21	8558	8626	rs2741972	rs9976607	16869936	16896389
21	8627	8773	rs2823325	rs2242840	16898309	16930437
21	8774	8776	rs4817970	rs8132355	16930527	16930892
21	8779	8786	rs11700908	rs8129285	16931173	16933015
21	8787	8827	rs77200048	rs7281601	16933389	16943758
21	8830	8834	rs9980144	rs12481771	16948224	16958897
21	8837	8839	rs11088469	rs13049677	16964337	16968210
21	8840	8848	rs147826439	rs117814486	16968574	16974840
21	8849	8870	rs2823383	rs2823393	16977568	16994796
21	8872	8900	rs4496400	rs2205582	16998011	17010779
21	8901	8903	rs2242858	rs2242859	17011285	17011441
21	8906	8980	rs9977149	rs17241367	17014200	17056144
21	8982	9367	rs2823444	rs9984651	17057197	17305780
21	9369	9429	rs74599880	rs73892582	17310427	17344846
21	9431	9443	rs34057545	rs392123	17345389	17354842
21	9444	9447	rs12483653	rs113888707	17355049	17355304
21	9448	9558	rs138633661	rs7281157	17355868	17409410
21	9559	9565	rs2823577	rs9979672	17410937	17413179
21	9566	9576	rs2823583	rs6517685	17416605	17426883
21	9577	9579	rs1034117	rs2823588	17431897	17432845
21	9580	9590	rs9979716	rs2823596	17434149	17443017
21	9592	9628	rs2823597	rs4818252	17447372	17488119
21	9629	9636	rs2823617	rs7277113	17489924	17519796
21	9637	9638	rs112714548	rs12483345	17522396	17522445
21	9639	9652	rs4818253	rs2404034	17522844	17530241
21	9653	9662	rs1319028	rs2823624	17530674	17547227
21	9664	9672	rs2823630	rs238961	17560799	17570360
21	9674	9675	rs8132399	rs6517693	17571475	17572240
21	9676	9719	rs2823637	rs1626109	17572568	17605238
21	9720	9738	rs1534	rs2823679	17607071	17613068
21	9739	9800	rs238981	rs112414189	17615685	17647516
21	9803	9804	rs239049	rs12482977	17654621	17655042
21	9805	9839	rs28483187	rs28461914	17657556	17668625
21	9842	9855	rs1449516	rs6650851	17670775	17677057
21	9857	9859	rs73892944	rs74918102	17686102	17687539
21	9863	9864	rs963519	rs239070	17693665	17693951
21	9866	9876	rs239018	rs239028	17699026	17707732
21	9877	9878	rs79044741	rs77856616	17713124	17721234
21	9879	9881	rs376000106	rs184550207	17725600	17725610
21	9885	9886	rs2849869	rs113081307	17729193	17729816
21	9887	9894	rs429601	rs147783106	17732985	17741729
21	9897	9931	rs1786014	rs9979218	17743233	17750912
21	9932	9988	rs2823761	rs2823783	17753126	17771978
21	9989	9991	rs112180599	rs35567924	17772972	17773243
21	9992	9993	rs430570	rs427377	17774438	17774439
21	9994	9996	rs11088583	rs12482152	17774533	17774632
21	9997	10153	rs1074741	rs9982076	17774836	17820477
21	10154	10158	rs73195911	rs73195917	17820807	17822774
21	10159	10171	rs2823811	rs2039241	17823641	17828046
21	10172	10174	rs17241719	rs76313674	17828169	17828310
21	10178	10189	rs8126961	rs9984970	17833533	17856893
21	10191	10219	rs9977870	rs8127633	17866260	17929100
21	10220	10222	rs2000626	rs2823884	17933851	17935462
21	10223	10229	rs977876	rs2155618	17940352	17955250
21	10232	10250	rs2823899	rs80178693	17966115	17988121
21	10251	10252	rs7277757	rs7281288	17989012	17989022
21	10254	10280	rs12482916	rs2211985	17990995	18001708
21	10285	10320	rs2243706	rs9647080	18002930	18011447
21	10321	10322	rs12482720	rs112180539	18011500	18011597
21	10323	10324	rs9979976	rs9980343	18011945	18011949
21	10325	10502	rs2823927	rs975528	18012430	18049291
21	10503	10504	rs975529	rs8130313	18049308	18049394
21	10506	10507	rs79757047	rs7275493	18049914	18049996
21	10508	10509	rs2823968	rs7279289;rs557619502	18050085	18050165
21	10510	10514	rs75310181	rs2823970	18050267	18050305
21	10520	10624	rs2823972	rs2824005	18054416	18095063
21	10626	10627	rs9975594	rs75752680	18096399	18096433
21	10628	10811	rs77847295	rs13051921	18097194	18183570
21	10812	10827	rs79121729	rs9975593	18183917	18193339
21	10828	10904	rs117689129	rs2178914	18193560	18221003
21	10906	11036	rs2150377	rs62222302	18222860	18269878
21	11037	11075	rs111651459	rs2824117	18270206	18284079
21	11076	11077	rs9974709	rs2824118	18284420	18284531
21	11078	11081	rs74429276	rs2824121	18285169	18285438
21	11082	11095	rs2824122	rs112154591	18285474	18288666
21	11097	11099	rs149301617	rs148481856	18288775	18288796
21	11100	11196	rs143986552	rs77626418	18288801	18303373
21	11197	11359	rs2404442	rs9979078	18303649	18347660
21	11361	11367	rs117879597	rs77786212	18349791	18354555
21	11368	11407	rs73193478	rs76466418	18356323	18371374
21	11408	11509	rs79346068	rs61331909	18371902	18414479
21	11510	11638	rs56274896	rs2824226	18415348	18457828
21	11641	11642	rs72631904	rs67240109	18460515	18460547
21	11643	12029	rs73200834	rs169376	18461180	18621255
21	12030	12031	rs113059682	rs188062	18621568	18621764
21	12032	12054	rs2824263	rs973989	18622396	18636161
21	12056	12231	rs2824271	rs62241505	18638247	18697847
21	12232	12265	rs9980965	rs62242884	18698194	18707378
21	12267	12306	rs79010813	rs11911751	18709494	18729389
21	12309	12314	rs206997	rs206998	18730688	18733317
21	12315	12375	rs4536738	rs13051956	18740538	18764525
21	12377	12413	rs17692646	rs73318546	18766540	18781523
21	12414	12478	rs2012511	rs208934	18782102	18801893
21	12483	12487	rs733951	rs117508261	18802848	18804380
21	12489	12493	rs183288	rs78387447	18804973	18805539
21	12494	12538	rs2846866	rs75817720	18805601	18820139
21	12540	12541	rs1974160	rs2824310	18821964	18822174
21	12542	12544	rs2824311	rs74681109	18822262	18822517
21	12545	12552	rs112650045	rs12483510	18823024	18824505
21	12553	12554	rs13051669	rs8131810	18824785	18824809
21	12558	12568	rs7275441	rs75644348	18825905	18829267
21	12569	12570	rs62242698	rs79384931	18829843	18829999
21	12577	12581	rs2405365	rs573110643	18830983	18831258
21	12582	12633	rs13047367	rs80014612	18831481	18846286
21	12636	12652	rs9977613	rs78400730	18849807	18856328
21	12654	12724	rs9980469	rs2776069	18857579	18880208
21	12725	12770	rs146551036	rs34922462	18880747	18903756
21	12771	12934	rs211972	rs211959	18904501	18950462
21	12938	12941	rs145732391	rs62239946	18951728	18952575
21	12943	13026	rs536119663	rs17834031	18954180	18983831
21	13028	13150	rs189117627	rs8129553	18984955	19037249
21	13153	13154	rs2824428	rs2824429	19039520	19039522
21	13158	13159	rs2824431	rs2824432	19040421	19041179
21	13161	13193	rs4816762	rs75508270	19042024	19054129
21	13194	13197	rs57732730	rs4818369	19054955	19055075
21	13198	13391	rs928249	rs11700713	19055268	19095382
21	13393	13404	rs148170514	rs2824462	19097164	19102385
21	13405	13433	rs9637034	rs243578	19109333	19131877
21	13435	13437	rs28483951	rs28542969	19134765	19135351
21	13439	13449	rs79720263	rs9975524	19139025	19145954
21	13453	13457	rs171477	rs243585	19150133	19151940
21	13458	13588	rs243586	rs7280998	19153541	19194251
21	13592	13658	rs243558	rs2051247	19196132	19247902
21	13660	13661	rs143421951	rs243612	19254693	19254702
21	13662	13664	rs2824531	rs2824532	19254879	19255670
21	13665	13784	rs75547397	rs197546	19256828	19331939
21	13787	13789	rs962868	rs200799	19332797	19332852
21	13790	13792	rs200800	rs200802	19333097	19334090
21	13793	13823	rs197569	rs1573438	19335374	19347655
21	13825	13914	rs2591643	rs13050305	19349773	19389540
21	13915	13917	rs158057	rs258645	19389675	19396213
21	13921	13962	rs197512	rs157745	19400142	19412924
21	13966	13970	rs157743	rs77752532	19414919	19420747
21	13971	13972	rs209277	rs209278	19421248	19421860
21	13973	13974	rs3097170	rs2824615	19422865	19422940
21	13975	13994	rs2824616	rs169610	19423145	19432279
21	13995	13998	rs2824625	rs207800	19432424	19432853
21	13999	14018	rs80264892	rs78702252	19436681	19471726
21	14022	14023	rs113936936	rs4818402	19481093	19481155
21	14025	14077	rs34009431	rs116869810	19481297	19493067
21	14079	14080	rs6517796	rs28697908	19493598	19493622
21	14083	14115	rs2824639	rs2824644	19494749	19505046
21	14117	14120	rs2824646	rs205700	19506651	19506900
21	14121	14168	rs7279375	rs7275593	19507413	19522846
21	14171	14185	rs12626907	rs77039766	19525918	19529480
21	14188	14234	rs11702737	rs2178915	19531882	19548232
21	14236	14244	rs12626825	rs9975746	19550024	19551337
21	14245	14275	rs2824685	rs2824695	19551628	19559058
21	14277	14299	rs9647200	rs73316219	19560688	19565821
21	14303	14305	rs2824704	rs2150383	19568486	19568651
21	14307	14331	rs9979829	rs9984040	19570215	19602578
21	14334	14364	rs55809504	rs9983595	19604886	19627298
21	14365	14412	rs2824711	rs1023126	19630665	19654798
21	14415	14418	rs8132055	rs59154982	19655999	19656761
21	14420	14421	rs11909758	rs9980111	19658160	19658241
21	14422	14466	rs7283398	rs2824717	19659944	19666020
21	14467	14470	rs6517807	rs2824718	19666526	19666910
21	14471	14513	rs2824719	rs11701138	19667542	19683303
21	14515	14520	rs28637313	rs2406174	19684076	19686578
21	14522	14525	rs199839618	rs60764030	19687759	19687806
21	14526	14582	rs2406175	rs9983637	19687982	19705450
21	14583	14601	rs9980774	rs4452233	19705937	19713055
21	14602	14635	rs2824751	rs17781399	19713821	19722357
21	14641	14722	rs2824763	rs7276893	19726465	19781300
21	14723	14728	rs2210231	rs8132893	19781891	19784135
21	14729	14828	rs2300514	rs13052157	19784725	19817105
21	14832	14853	rs4818412	rs978424	19820213	19842798
21	14854	14856	rs727150	rs4818416	19843041	19843627
21	14857	14876	rs7280712	rs74950594	19843988	19859963
21	14877	14878	rs73198367	rs1735753	19860810	19861507
21	14880	15008	rs2824852	rs2824901	19865062	19895640
21	15009	15011	rs1740179	rs2824905	19899801	19903166
21	15012	15058	rs2824906	rs996703	19907532	19924279
21	15059	15060	rs2205483	rs1630912	19924888	19924896
21	15063	15083	rs56301520	rs1740200	19925922	19929113
21	15087	15243	rs2205488	rs9985078	19930994	20009271
21	15244	15248	rs35880871	rs2064043;rs545380066	20012125	20013567
21	15249	15324	rs56263487	rs6517826	20014044	20058598
21	15328	15544	rs2824997	rs2825066	20060326	20118410
21	15546	15557	rs2825068	rs11700460	20119469	20122792
21	15558	15614	rs9980561	rs8133372	20123283	20129136
21	15615	15619	rs9982758	rs149710662	20129305	20129557
21	15620	15637	rs8134564	rs9284483	20129929	20137297
21	15638	15799	rs2212785	rs9305881	20138645	20197405
21	15800	15801	rs2825173	rs2825174	20197975	20198061
21	15802	15815	rs2825176	rs2032292	20199596	20201119
21	15817	16041	rs12481892	rs9984807	20202044	20249448
21	16043	16044	rs73317351	rs9637060	20250010	20250104
21	16045	16046	rs67837347	rs2406611	20250497	20250516
21	16048	16107	rs8132870	rs2825226	20251028	20282174
21	16110	16111	rs1074352	rs1074351	20284516	20284523
21	16112	16260	rs431099	rs2825231	20284946	20321298
21	16262	16335	rs460871	rs366343	20325223	20357127
21	16336	16338	rs75744194	rs4425176	20358771	20359427
21	16340	16482	rs4557066	rs9983543	20360731	20404200
21	16487	16489	rs2103500	rs2056889	20407555	20407621
21	16490	16491	rs2825303	rs9978965	20407698	20407792
21	16497	16511	rs9976763	rs762006	20408978	20410380
21	16512	16513	rs8127145	rs11088715	20412631	20413190
21	16514	16587	rs73893491	rs2825342	20414767	20432911
21	16588	17314	rs867217	rs856192	20434520	20684310
21	17315	17320	rs76490189	rs12481759	20684314	20685894
21	17321	17357	rs78534263	rs13049852	20686343	20701702
21	17358	17359	rs1961443	rs856172	20702284	20702296
21	17365	17409	rs856170	rs2825531	20703624	20722633
21	17413	17415	rs2825533	rs12185809	20724551	20724810
21	17416	17602	rs79775394	rs10084606	20725695	20829922
21	17603	17772	rs62211247	rs11701659	20830129	20898659
21	17773	17792	rs217047	rs128365	20899668	20912022
21	17794	17812	rs646510	rs190056	20913684	20919481
21	17813	17824	rs1985280	rs2020381	20920025	20922560
21	17825	17828	rs369098	rs116305105	20922704	20922716
21	17831	17887	rs2825633	rs2211908	20923618	20938416
21	17890	17909	rs9974175	rs2244367	20940575	20945097
21	17911	17929	rs12627153	rs9984336	20951782	20960969
21	17930	17931	rs9984032	rs9305917	20961202	20961463
21	17936	17937	rs12329715	rs75870129	20962397	20962465
21	17938	18146	rs8133325	rs2825714	20963920	21023966
21	18148	18180	rs9982915	rs1989458	21024627	21035092
21	18181	18183	rs17788227	rs10854436	21035987	21037944
21	18185	18243	rs2211906	rs2825739	21039328	21054839
21	18244	18245	rs59507442	rs13051912	21055564	21056016
21	18247	18251	rs9983320	rs7280313	21056190	21056416
21	18252	18377	rs7281184	rs218336	21056959	21085490
21	18378	18393	rs4818485	rs991648	21085786	21091803
21	18394	18689	rs60613138	rs2825857	21093611	21206794
21	18691	18692	rs62224374	rs12172913	21207935	21208597
21	18695	18698	rs7279545	rs2825860	21210548	21210822
21	18699	18830	rs73319863	rs2298512	21210855	21272834
21	18831	18960	rs2255812	rs113839088	21272853	21313925
21	18962	18963	rs371284	rs9976053	21314447	21314514
21	18964	18965	rs2825920	rs399545	21314564	21314648
21	18966	19038	rs35704071	rs77278273	21314845	21343292
21	19040	19132	rs445723	rs2825942	21345400	21386251
21	19133	19134	rs116841760	rs113004809	21386397	21386906
21	19137	19138	rs56849203	rs59087821	21387930	21388106
21	19139	19167	rs55654778	rs2825957	21388151	21395574
21	19168	19244	rs2825958	rs7279915	21396042	21425894
21	19245	19798	rs1475882	rs928862	21426335	21637719
21	19799	19808	rs2826114	rs150790910	21638850	21641311
21	19809	19811	rs62221277	rs62221278	21641575	21642767
21	19813	19817	rs2826119	rs2826122	21643854	21644798
21	19818	19819	rs1386756	rs9984539	21645381	21645593
21	19822	19825	rs78334665	rs538739807	21646884	21647243
21	19826	20133	rs73211434	rs75356669	21647395	21720614
21	20135	20218	rs2826197	rs4572684	21722621	21743625
21	20220	20222	rs2826219	rs962493	21744888	21746078
21	20223	20264	rs962495	rs2826221	21746210	21761586
21	20265	20301	rs6517945	rs13049466	21762162	21774440
21	20303	20307	rs56266754	rs874320	21775676	21776409
21	20308	20316	rs2040251	rs4818568	21776761	21780178
21	20318	20369	rs66642774	rs7279335	21781006	21799765
21	20372	20383	rs2826251	rs28571658	21800805	21804781
21	20386	20467	rs1786353	rs1735889	21806008	21815683
21	20468	20469	rs57698868	rs13052452	21815948	21815968
21	20475	20476	rs1735886	rs2826255	21816786	21816809
21	20478	20480	rs2826258	rs13049836	21817381	21818066
21	20481	20959	rs529730487	rs2897749	21818068	21879569
21	20961	20964	rs4583544	rs6517970	21879776	21880158
21	20966	20988	rs6517971	rs75661680	21880231	21887539
21	20989	21052	rs2826342	rs9305961	21889120	21906975
21	21055	21061	rs12626272	rs2826359	21907315	21907533
21	21064	21074	rs2826362	rs76054242	21908040	21911444
21	21075	21124	rs2826367	rs8129559	21911741	21920791
21	21127	21128	rs2826384	rs8129945	21922296	21924571
21	21130	21192	rs2826387	rs9976622	21925873	21954062
21	21193	21194	rs56201946	rs10470221	21955255	21955472
21	21196	21256	rs13049530	rs12627533	21956220	21982312
21	21258	21262	rs229385	rs1580385	21983065	21983931
21	21263	21290	rs229387	rs139146626	21984175	22001388
21	21292	21325	rs229440	rs1556307	22008568	22022867
21	21326	21524	rs12626638	rs229467	22023074	22066836
21	21526	21529	rs76362451	rs114369789	22068451	22072161
21	21531	21532	rs8127915	rs8129001	22073572	22073607
21	21534	21547	rs60210880	rs229369	22074318	22078587
21	21548	21555	rs9984696	rs59386069	22079183	22081554
21	21556	21591	rs9980329	rs170676	22081596	22096341
21	21592	21599	rs2826489	rs4816831	22097542	22100610
21	21601	21639	rs12329689	rs79800063	22101926	22110469
21	21640	21729	rs117688357	rs77141404	22110873	22157774
21	21731	21742	rs13052576	rs8126602	22165883	22179707
21	21744	21748	rs2826524	rs2826526	22181799	22184343
21	21750	21777	rs2826527	rs9975893	22186040	22189881
21	21778	21780	rs9976735	rs4816834	22190047	22190177
21	21781	21788	rs8128284	rs4816835	22190494	22193289
21	21789	21790	rs4816836	rs2826546	22196256	22197073
21	21795	21843	rs2826548	rs743440	22201791	22222820
21	21844	21907	rs7283553	rs76219342	22223086	22248955
21	21908	21909	rs13046226	rs2826581	22249379	22249511
21	21911	21928	rs35746003	rs7510312	22251429	22257478
21	21930	21983	rs59151758	rs112797738	22258114	22269750
21	21985	21988	rs2826599	rs2826601	22270582	22271649
21	21990	22085	rs73222671	rs13047168	22272140	22310592
21	22086	22090	rs2826610	rs2826611	22310780	22313265
21	22091	22258	rs7275307	rs9980476	22313322	22365307
21	22259	22265	rs68142557	rs117119726	22365515	22368345
21	22270	22315	rs8184921	rs9975627	22372723	22397434
21	22316	22333	rs9305991	rs7279633	22399462	22402482
21	22334	22336	rs9978463	rs7276365	22402882	22402909
21	22337	22362	rs35746740	rs35307976	22403371	22421695
21	22364	22447	rs8134360	rs11088849	22423328	22453394
21	22452	22454	rs9984695	rs8132432	22454308	22454364
21	22455	22532	rs13052170	rs17003810	22455046	22483779
21	22534	22558	rs2251296	rs9975924	22486574	22498773
21	22560	22563	rs1015074	rs2826665	22499905	22501231
21	22564	22650	rs2826666	rs12152109	22501716	22522589
21	22653	22746	rs77110503	rs59884792	22527209	22588175
21	22748	23347	rs7278295	rs7283430	22589517	22811781
21	23348	23353	rs2826841	rs73214492	22812351	22813817
21	23354	23355	rs2826842	rs232414	22814241	22814309
21	23359	23360	rs2826843	rs117272448	22815080	22815325
21	23361	23474	rs28515481	rs9979523	22815397	22866284
21	23476	23478	rs75159328	rs1380591	22866511	22867087
21	23479	23482	rs1319246	rs7275250	22867178	22868947
21	23483	23519	rs62216092	rs201900912	22869043	22883075
21	23520	23525	rs233783	rs13050129	22883278	22883448
21	23526	23527	rs233787	rs9808684	22883908	22883950
21	23531	23561	rs34703575	rs73896953	22885662	22896828
21	23565	23704	rs75537352	rs236060	22898494	22938166
21	23706	23926	rs7277305	rs4816853	22941307	23028268
21	23927	23940	rs2826935	rs9306022	23028478	23039758
21	23942	23944	rs2826939	rs36111002	23042508	23044483
21	23945	23954	rs2826941	rs75007045	23044667	23049807
21	23955	24087	rs1735989	rs1735954	23049859	23108793
21	24090	24091	rs1735956	rs9306023	23109591	23109608
21	24093	24108	rs1735959	rs2826981	23110022	23116959
21	24109	24119	rs1735966	rs1783414	23117706	23120771
21	24120	24122	rs994676	rs1783416	23122074	23122347
21	24123	24232	rs1735969	rs2827024	23122601	23138255
21	24233	24240	rs1155463	rs56234238	23140523	23148118
21	24241	24243	rs35345244	rs8131512	23149017	23149250
21	24246	24277	rs58315492	rs73326523	23150647	23164191
21	24281	24483	rs2827040	rs2849942	23167342	23241837
21	24485	24533	rs9647222	rs75556696	23243702	23268216
21	24534	24537	rs8132732	rs28664999	23270321	23271132
21	24538	24539	rs9974920	rs7283644	23271671	23271733
21	24541	24552	rs7283173	rs12626350	23272525	23275528
21	24555	24622	rs1892781	rs991225	23277448	23299361
21	24623	24644	rs13053128	rs2827145	23300621	23315891
21	24645	24660	rs2827146	rs8128017	23317350	23321717
21	24664	24758	rs7282826	rs34592229	23324584	23362539
21	24759	24760	rs34556194	rs34775206	23362602	23362610
21	24762	24785	rs9974919	rs76360925	23363841	23389835
21	24786	24845	rs1892780	rs2827246	23392840	23495589
21	24849	24913	rs35065848	rs2000551	23507174	23562374
21	24915	24989	rs10482925	rs11911981	23563967	23611869
21	24990	25046	rs73223885	rs62210127	23611940	23631005
21	25049	25099	rs2827313	rs17004151	23633248	23649847
21	25101	25366	rs62210139	rs17004158	23651311	23699520
21	25367	25526	rs714400	rs11910825	23699596	23783170
21	25527	25582	rs8131347	rs2155605	23783406	23822004
21	25583	25628	rs11911091	rs7278532	23823896	23845452
21	25629	25688	rs7282527	rs2255004	23845802	23890194
21	25689	25861	rs111370948	rs1405761	23892075	23949138
21	25863	25932	rs34829416	rs9978432	23950522	23980114
21	25933	25938	rs8130509	rs9979881	23980803	23984543
21	25940	25982	rs9977882	rs1849583	23986788	24006766
21	25983	26056	rs1849582	rs4818699	24007772	24053905
21	26058	26061	rs12627327	rs12627018	24064937	24090404
21	26065	26066	rs28517560	rs28366882	24117905	24117906
21	26067	26068	rs28461721	rs28727309	24117920	24117921
21	26070	26075	rs11088936	rs2827703	24126480	24143818
21	26076	26267	rs12626301	rs243268	24153814	24223261
21	26269	26300	rs17004276	rs244141	24225657	24272658
21	26301	26317	rs55722659	rs12626698	24273272	24280224
21	26318	26584	rs244147	rs145953277	24281435	24402883
21	26585	26609	rs396544	rs61155	24402937	24411034
21	26610	26692	rs2051265	rs9974045	24412238	24436562
21	26693	26860	rs592929	rs17004311	24436730	24487743
21	26864	27329	rs174823	rs1380324	24489048	24628113
21	27331	27332	rs2226715	rs2827998	24629064	24629156
21	27334	27391	rs75432309	rs7280410	24631956	24664034
21	27393	27532	rs17652012	rs2828061	24665299	24695405
21	27538	27540	rs2828067	rs2828069	24696921	24697186
21	27542	27644	rs2828070	rs200689	24700557	24740186
21	27645	27646	rs2828091	rs200690	24740241	24740573
21	27647	27686	rs4816902	rs8129792	24741057	24756906
21	27687	27690	rs2828102	rs60488573	24758818	24761322
21	27691	27824	rs57546904	rs200700	24763160	24805965
21	27825	27837	rs8184930	rs200705	24806980	24809444
21	27840	27841	rs200706	rs2828147	24810187	24810196
21	27842	27957	rs2828148	rs1354484	24810388	24832016
21	27958	27988	rs1354483	rs1557280	24832086	24841089
21	27989	27990	rs2828184	rs8132989	24843144	24843527
21	27991	27993	rs8134551	rs8129998	24843774	24844175
21	27994	28229	rs12483738	rs7283400	24844388	24937141
21	28230	28231	rs34751023	rs36065282	24937331	24937367
21	28233	28273	rs8127966	rs975447	24937880	24965974
21	28275	28639	rs12626525	rs1514416	24966812	25052229
21	28640	28642	rs72631997	rs75707525	25052753	25052796
21	28644	28687	rs2828422	rs73232629	25053918	25086749
21	28691	28740	rs2828455	rs2828479	25092482	25105389
21	28741	28890	rs2039259	rs8133421	25106617	25144575
21	28894	28996	rs207535	rs207510	25145431	25178702
21	28997	29002	rs207511	rs74459088	25179250	25180065
21	29003	29105	rs207518	rs2223732	25180795	25219511
21	29110	29187	rs207542	rs2828577	25220667	25245783
21	29188	29189	rs77779725	rs73238862	25246160	25246221
21	29191	29287	rs9980644	rs16998990	25247908	25301773
21	29288	29291	rs2828632	rs112806643	25302703	25303109
21	29292	29327	rs8132822	rs73339769	25304662	25331700
21	29331	29351	rs61264038	rs13050039	25334144	25337017
21	29354	29389	rs4816924	rs7277349	25338333	25351489
21	29390	29448	rs78193155	rs7276625	25351929	25377909
21	29449	29793	rs2828690	rs8134482	25378074	25437240
21	29795	29843	rs1783316	rs1699632	25437902	25445771
21	29844	29851	rs7281717	rs1699634	25445783	25446654
21	29852	30334	rs1699635	rs4645068	25446700	25505099
21	30340	30341	rs1699628	rs1699629	25506497	25506504
21	30342	30438	rs1699630	rs118123579	25506687	25551432
21	30439	30446	rs12481864	rs35269341	25552366	25557122
21	30447	30451	rs79114534	rs1910605	25557156	25558908
21	30452	30564	rs76174018	rs77795092	25559962	25586486
21	30567	30622	rs73140925	rs75265359	25587344	25609022
21	30624	30914	rs2226426	rs62216517	25611126	25720602
21	30916	31053	rs73151111	rs2257678	25723030	25780193
21	31056	31118	rs2844308	rs2829078	25781151	25807198
21	31120	31121	rs4816958	rs2829079	25808101	25808194
21	31122	31459	rs78416609	rs17000014	25808396	25900438
21	31461	31462	rs17000016	rs2829155	25900944	25901003
21	31464	31587	rs1024293	rs73143642	25901768	25939412
21	31592	31653	rs8131639	rs2829186	25941262	25962522
21	31657	31775	rs2829188	rs73341558	25964614	26008738
21	31776	31819	rs113632849	rs2829232	26008865	26026296
21	31820	31827	rs6516627	rs762382	26027339	26029465
21	31830	31903	rs1034338	rs2829258	26031358	26059118
21	31904	31992	rs2829259	rs2829290	26060052	26087742
21	31993	31994	rs76113196	rs2187292	26088922	26089115
21	31997	31998	rs2829293	rs2829294	26091090	26091601
21	31999	32292	rs2829295	rs9980514	26092453	26177153
21	32293	32295	rs11087931	rs2829396	26178337	26178727
21	32296	32297	rs2829397	rs2829399	26178920	26179984
21	32298	32365	rs2829400	rs2829429	26180714	26204697
21	32367	32370	rs12481988	rs2829431	26206058	26207127
21	32372	32641	rs2829432	rs10854289	26207254	26364491
21	32643	32738	rs9974861	rs9978298	26369395	26465583
21	32740	32741	rs4816247	rs2829541	26467796	26468200
21	32743	32785	rs4817001	rs2829553	26474599	26507367
21	32786	32812	rs1475847	rs1080028	26509668	26519773
21	32814	33075	rs13052703	rs11087951	26520748	26658552
21	33077	33079	rs79889042	rs2829679	26660446	26662543
21	33080	33215	rs2829680	rs78375242	26662736	26739370
21	33216	33220	rs2151	rs56007823	26740012	26760380
21	33221	33232	rs7282261	rs9981615	26761054	26767468
21	33235	33307	rs11910463	rs6516673	26768672	26828810
21	33309	33310	rs2829751	rs2829752	26829787	26830041
21	33311	33415	rs2829753	rs928882	26830290	26885124
21	33417	33421	rs2154470	rs4143354	26887427	26889322
21	33422	33821	rs12386284	rs2154471	26890068	27043584
21	33823	33824	rs57503516	rs80018083	27043998	27044467
21	33827	34008	rs73334064	rs2275964	27046975	27173997
21	34010	34015	rs4817059	rs35827246	27174716	27177759
21	34019	34304	rs2829914	rs78080702	27178550	27268710
21	34305	34377	rs7280059	rs413577	27271030	27330126
21	34380	34501	rs8132389	rs3787637	27332608	27371667
21	34503	34530	rs45450599	rs9941877;rs201709250	27373371	27392526
21	34531	34572	rs4816273	rs7279544	27395167	27406198
21	34573	34599	rs59905860	rs6516719	27406735	27425323
21	34600	34670	rs2830027	rs8130594	27425859	27462777
21	34671	34673	rs2830050	rs2830052	27464270	27465597
21	34674	34695	rs77830735	rs2830054	27465715	27476104
21	34696	34699	rs45502397	rs2234988	27476552	27477087
21	34700	34876	rs4816276	rs465984	27477155	27539119
21	34879	34880	rs45473297	rs469420	27541906	27541944
21	34881	34951	rs459543	rs457792	27543049	27563105
21	34953	35042	rs459476	rs117014139	27564831	27592637
21	35043	35046	rs455204	rs459163	27593467	27594768
21	35047	35251	rs398291	rs467779	27595261	27650201
21	35252	35256	rs468265	rs467553	27650250	27651314
21	35259	35320	rs11911444	rs9981761	27651964	27672391
21	35321	35322	rs463124	rs1788291	27672456	27672542
21	35326	35530	rs455292	rs219711	27674142	27749030
21	35532	35591	rs219712	rs58255612	27751176	27776923
21	35593	35596	rs2830199	rs2830202	27777617	27777846
21	35601	35639	rs2830204	rs60555964	27780065	27794139
21	35645	35681	rs2830215	rs2830225	27796105	27810671
21	35684	35700	rs183387	rs2035215	27812227	27821675
21	35701	35725	rs219649	rs17002187	27824285	27840793
21	35729	35730	rs219645	rs219646	27844411	27844833
21	35731	35734	rs2830241	rs116940176	27845313	27845890
21	35735	35736	rs2830243	rs219647	27845980	27846002
21	35739	35804	rs2830244	rs222159	27847264	27872906
21	35808	35814	rs979343	rs2830264	27875592	27876587
21	35819	35880	rs222974	rs222951	27879342	27915145
21	35884	36218	rs222956	rs73173929	27919932	28019011
21	36219	36269	rs4993915	rs366384	28019065	28024225
21	36272	36570	rs465318	rs2830439	28025273	28093730
21	36572	36574	rs9980411	rs7279107	28094355	28094413
21	36580	36595	rs2830441	rs2187226	28095992	28103644
21	36600	36719	rs2212811	rs59520355	28106428	28145565
21	36723	36744	rs3017432	rs2830515	28147728	28161795
21	36745	36770	rs2830516	rs2830536	28162357	28168930
21	36772	36908	rs455633	rs71317486	28170786	28207080
21	36911	36913	rs6516747	rs2738	28207448	28208904
21	36916	36939	rs229042	rs390955	28210657	28218457
21	36941	36942	rs1444274	rs1475583	28220167	28220609
21	36943	36972	rs1475584	rs466878	28220730	28229786
21	36973	36974	rs463653	rs466260	28230907	28230912
21	36975	37075	rs58049565	rs112783565	28231324	28274697
21	37076	37194	rs162530	rs75472295	28278679	28336794
21	37197	37207	rs555173578	rs233577	28338950	28342205
21	37208	37290	rs72635027	rs977152	28343157	28385362
21	37291	37294	rs2830622	rs928272	28386662	28389497
21	37302	37305	rs2830631	rs2830634	28391743	28392021
21	37306	37308	rs2830635	rs2830637	28392071	28392137
21	37309	37611	rs2830638	rs1537090	28392478	28499343
21	37612	37614	rs4471973	rs2830715	28499466	28501625
21	37615	37677	rs76572482	rs1676557	28502422	28532089
21	37678	37741	rs2830732	rs2251888	28532519	28560126
21	37743	37764	rs73374980	rs9636577	28560442	28563631
21	37766	37767	rs2830759	rs2830760	28564275	28564326
21	37768	37853	rs79802018	rs2830782	28564912	28580422
21	37854	37855	rs13052190	rs9976159	28581656	28582897
21	37857	37897	rs2830784	rs78322794	28586603	28618493
21	37899	37944	rs2830801	rs2830819	28620731	28631156
21	37947	37967	rs235927	rs847700	28633684	28651182
21	37968	37987	rs9975351	rs2830834	28652498	28659242
21	37988	38112	rs2019758	rs463068	28660213	28711851
21	38116	38117	rs9974655	rs2830855	28712646	28712666
21	38122	38125	rs9978024	rs9981700	28713216	28714615
21	38126	38127	rs1669878	rs398741	28714971	28715064
21	38128	38324	rs417725	rs79789127	28715129	28757155
21	38325	38343	rs2830898	rs2830901	28758633	28764113
21	38344	38363	rs9975887	rs2830912	28765733	28774004
21	38366	38415	rs239678	rs239652	28774317	28793658
21	38416	38417	rs239651	rs239650	28794636	28794685
21	38419	38525	rs76794641	rs242326	28796112	28827690
21	38526	38571	rs242327	rs112372478	28827837	28843673
21	38572	38584	rs13047819	rs2830968	28844493	28849664
21	38585	38612	rs28469662	rs66921363	28849863	28866669
21	38613	38700	rs2199003	rs34587889	28867309	28929197
21	38702	38704	rs4353724	rs1379661	28929557	28929958
21	38706	38708	rs242318	rs242319	28932087	28932683
21	38709	38777	rs242320	rs73180138	28933123	28958198
21	38778	38866	rs7280261	rs13049289	28960496	28989200
21	38867	38868	rs28871374	rs2156296	28989625	28990153
21	38869	38899	rs8184916	rs2831036	28990446	29010367
21	38900	39225	rs2831037	rs79094897	29010813	29124578
21	39228	39230	rs10854303	rs243718	29126637	29127524
21	39231	39583	rs593012	rs113293216	29128813	29276857
21	39584	39586	rs36039152	rs4508688	29276905	29277167
21	39589	39600	rs2831238	rs2187294	29278225	29283721
21	39602	39604	rs55684246	rs8131650	29284249	29284970
21	39606	39608	rs9978508	rs9977912	29285293	29285383
21	39616	40151	rs62210855	rs9979953	29291034	29444535
21	40152	40164	rs4440045	rs1985635	29444702	29446898
21	40166	40167	rs1008672	rs2007503	29447075	29447121
21	40171	40173	rs2831463	rs2831464	29448732	29448835
21	40174	40189	rs9979579	rs2831475	29449695	29452345
21	40190	40202	rs9636806	rs60037514	29452872	29466847
21	40203	40447	rs78634082	rs2831537	29468244	29516376
21	40448	40514	rs2831539	rs2831609	29517567	29547712
21	40515	40666	rs2831611	rs2831662	29551395	29594709
21	40667	40670	rs439364	rs73897628	29594781	29597973
21	40671	40672	rs441431	rs388422	29598013	29598090
21	40673	40855	rs452763	rs2831715	29601953	29718140
21	40857	40871	rs1236415	rs1236412	29719813	29724670
21	40874	41038	rs1236410	rs78935363	29726454	29803231
21	41039	41040	rs2250910	rs2250911	29803501	29803555
21	41045	41080	rs9976567	rs67535621	29804710	29822847
21	41082	41368	rs4817233	rs2831907	29824228	29954875
21	41370	41383	rs2831909	rs9978336	29955973	29959821
21	41387	41389	rs2831917	rs111361970	29960850	29961177
21	41390	41464	rs75668715	rs9981332	29961296	29990617
21	41465	41466	rs9980892	rs9305375	29990920	29991334
21	41468	41493	rs147942108	rs1153266	29992363	30011018
21	41495	41496	rs73900896	rs1153270	30013029	30013893
21	41497	42955	rs76301617	rs76718758	30013929	30524526
21	42956	42981	rs2832220	rs1999323	30524734	30534128
21	42982	43124	rs57220716	rs73193848	30534215	30570590
21	43125	43206	rs59912429	rs2832276	30571272	30608784
21	43207	43209	rs2832277	rs2832278	30608885	30611490
21	43212	43214	rs80081988	rs16983910	30613732	30614647
21	43216	43349	rs8133749	rs4817285	30615935	30745169
21	43351	43358	rs2254038	rs8132992	30745722	30750561
21	43359	43451	rs2832304	rs75564030	30752554	30845687
21	43454	43460	rs915575	rs2832343	30847451	30849713
21	43461	43671	rs7275332	rs16984381	30850143	30948745
21	43674	43702	rs9985106	rs7277568	30957912	30972158
21	43703	43806	rs2832408	rs363598	30973268	31013159
21	43807	43890	rs363529	rs57303414	31014321	31051965
21	43891	43892	rs6516925	rs7280710	31055628	31057395
21	43894	43927	rs363539	rs2252066	31060280	31078069
21	43928	43929	rs2252094	rs2300316	31079004	31079037
21	43930	44033	rs2300317	rs7510109	31079374	31138370
21	44035	44043	rs11702427	rs465116	31138788	31145534
21	44044	44147	rs457243	rs2832446	31145829	31195150
21	44148	44150	rs408151	rs9980984	31195360	31196387
21	44152	44153	rs464028	rs73186477	31196616	31196650
21	44155	44198	rs2832447	rs464144	31197963	31210998
21	44199	44339	rs2205178	rs455370	31213091	31261806
21	44340	44349	rs2832478	rs466093	31263608	31267040
21	44350	44448	rs465900	rs463751	31267808	31296380
21	44449	44450	rs466081	rs456064	31296871	31296886
21	44451	44504	rs2832484	rs2832507	31297409	31328670
21	44505	44512	rs466533	rs457534	31330567	31343659
21	44513	44538	rs2832509	rs2832516	31345504	31370611
21	44540	44549	rs2832520	rs10854329	31373804	31380952
21	44550	44557	rs75116512	rs9305406	31381148	31386243
21	44558	44774	rs440113	rs478474	31391595	31482569
21	44775	44781	rs2832629	rs559599	31484288	31488234
21	44782	44822	rs2832631	rs8134523	31497778	31547276
21	44826	44878	rs1943960	rs12481895	31551591	31578367
21	44881	44884	rs694984	rs9647055	31583787	31587382
21	44886	45392	rs2832657	rs2186556	31588676	31753219
21	45397	45398	rs9305419	rs9636830	31754089	31754244
21	45399	45400	rs561327743	rs62222548	31754991	31754992
21	45402	45430	rs2226545	rs2212303	31755729	31777775
21	45431	45881	rs4817331	rs198879	31777980	32023423
21	45882	45891	rs198880	rs9636840	32023886	32029979
21	45892	45898	rs57039508	rs2226377	32030040	32031915
21	45899	45900	rs8133828	rs2154569	32033046	32033429
21	45901	45903	rs2832973	rs2832974	32034536	32035750
21	45904	46434	rs2832975	rs2833119	32036541	32204347
21	46435	46444	rs5843472	rs2833124	32207832	32214655
21	46447	46448	rs7275199	rs7283316	32216231	32216253
21	46450	46560	rs4817359	rs4817366	32217530	32254353
21	46561	46611	rs56291475	rs8133263	32254877	32287972
21	46613	46614	rs9982696	rs55952390	32288373	32288389
21	46618	46619	rs10483002	rs2833161	32290384	32290396
21	46622	46924	rs16987408	rs28456019	32294481	32401130
21	46926	46929	rs76675208	rs73358970	32402160	32404324
21	46930	46932	rs28376414	rs76495267	32404643	32405424
21	46933	47159	rs12483668	rs10854340	32406799	32453676
21	47160	47166	rs10854341	rs9305446	32453856	32456567
21	47168	47169	rs2833266	rs2833267	32457108	32457256
21	47170	47173	rs9980482	rs4817381	32458170	32458482
21	47174	47182	rs4817382	rs9983721	32458696	32461236
21	47187	47203	rs9808649	rs556609771	32462517	32469427
21	47205	47209	rs8127292	rs56054597	32469918	32470623
21	47210	47234	rs6517006	rs7275720	32471121	32484078
21	47235	47262	rs8128204	rs2073373	32486218	32497632
21	47265	47318	rs145622203	rs4817383	32498865	32523356
21	47319	47320	rs8131976	rs2833306	32523782	32524232
21	47321	47322	rs13048901	rs13049011	32524444	32524500
21	47323	47326	rs9305453	rs201226785	32524852	32526042
21	47328	47330	rs78007898	rs2833308	32526758	32526915
21	47331	47332	rs9647059	rs2833309	32527012	32527137
21	47334	47335	rs2248656	rs2284473	32528960	32529120
21	47336	47451	rs2833313	rs76015126	32532567	32624580
21	47452	47494	rs2253027	rs117153684	32626323	32667010
21	47503	47573	rs845934	rs2252002	32669950	32711021
21	47574	47596	rs2833382	rs1041743	32714111	32725899
21	47598	47628	rs16988159	rs546078	32727653	32741383
21	47629	47632	rs7282641	rs490777	32741949	32744501
21	47637	47682	rs80171702	rs1953345	32746123	32766359
21	47684	47698	rs76059642	rs57391861	32769403	32776719
21	47699	47744	rs12627565	rs13048773	32778127	32794956
21	47745	47760	rs3787682	rs845682	32798879	32808825
21	47767	47771	rs2284513	rs492322	32811251	32814799
21	47772	47773	rs743414	rs743415	32815957	32816448
21	47774	47931	rs553833	rs13049070	32816922	32860016
21	47933	48072	rs141649148	rs75594203	32861697	32925898
21	48074	48087	rs9941852	rs9984450	32928296	32935112
21	48088	48176	rs78480423	rs2409417	32936428	32975767
21	48177	48178	rs9976258	rs61499555	32975998	32976426
21	48179	48222	rs58588695	rs73199584	32979107	32995716
21	48224	48338	rs8132771	rs8133369	32999423	33132918
21	48339	48477	rs204738	rs13049595	33134159	33184206
21	48478	48554	rs144398581	rs73900445	33185469	33216245
21	48555	48559	rs17586594	rs10432856	33217327	33218610
21	48561	48606	rs12106321	rs9980269	33219237	33231144
21	48608	48609	rs8134116	rs8134344	33231634	33231663
21	48613	48694	rs12481924	rs9981287	33233087	33253899
21	48695	48697	rs35835205	rs2833549	33254178	33254832
21	48698	48720	rs16988601	rs78690079	33255513	33273194
21	48722	48828	rs2833551	rs9979670	33275860	33325825
21	48830	48843	rs2833577	rs9636603	33326781	33332482
21	48847	48848	rs6517069	rs8130926	33333277	33333331
21	48849	48906	rs7282709	rs737103	33333649	33355760
21	48907	48908	rs8130638	rs11700534	33356175	33356269
21	48910	48924	rs79969234	rs2833595	33356793	33367733
21	48925	48926	rs2070371	rs4817444	33368188	33368448
21	48927	48996	rs78415327	rs2833612	33368487	33388531
21	48998	49061	rs11702090	rs13047733	33389679	33419639
21	49064	49066	rs2833622	rs140248213	33420670	33420832
21	49067	49069	rs11909628	rs4817446	33421860	33422083
21	49071	49113	rs11910635	rs2833635	33423041	33434580
21	49117	49156	rs59475484	rs743305	33437627	33446105
21	49157	49184	rs8131700	rs7281152	33446250	33453560
21	49185	49215	rs7276078	rs17401472	33453964	33469430
21	49216	49243	rs2833652	rs59583598	33470630	33481176
21	49246	49248	rs78075884	rs7275371	33482117	33482149
21	49249	49281	rs12481929	rs11700886	33483014	33501144
21	49282	49286	rs8129881	rs2833671	33502420	33505381
21	49287	49320	rs2833673	rs9983812	33506065	33528450
21	49323	49346	rs73197494	rs11700761	33529833	33537853
21	49350	49621	rs2051187	rs10854356	33539328	33667566
21	49622	49625	rs4817480	rs10427546	33668024	33669542
21	49628	49629	rs2254251	rs2298361	33671479	33671671
21	49631	49731	rs8130762	rs79931658	33672789	33728627
21	49732	49780	rs4817486	rs57658834	33728688	33771670
21	49781	49783	rs77251779	rs62216184	33773576	33775039
21	49784	49828	rs73190644	rs76961987	33776117	33785343
21	49829	49903	rs8134043	rs3859698	33786483	33812202
21	49904	49919	rs11910665	rs11911876	33812344	33817072
21	49920	50030	rs117252942	rs2016191	33817408	33865920
21	50031	50033	rs2833853	rs2096458	33866706	33867280
21	50035	50040	rs62214672	rs7278523	33870467	33876659
21	50041	50079	rs7279989	rs76327929	33877556	33895500
21	50080	50085	rs2018308	rs12481991	33898917	33909315
21	50087	50122	rs75873023	rs11909255	33910658	33926652
21	50123	50196	rs2409455	rs28397651	33926737	33962568
21	50197	50233	rs7283320	rs845009	33964039	33995034
21	50234	50445	rs845011	rs12482132	33996278	34182226
21	50448	50513	rs2833965	rs2859934	34185263	34248250
21	50515	50609	rs12627349	rs7280936	34248989	34299695
21	50611	50633	rs2014283	rs113281372	34303985	34315820
21	50634	50635	rs73198446	rs1034128	34316107	34316133
21	50637	50663	rs2834021	rs10211937	34317599	34335235
21	50664	50676	rs6517123	rs7278366	34340104	34348507
21	50679	50681	rs2250685	rs6517124	34351218	34352692
21	50682	50699	rs62216081	rs2834048	34352938	34359256
21	50701	50784	rs5026389	rs2834060	34360452	34375854
21	50785	50786	rs4816441	rs4816442	34376120	34376145
21	50787	50788	rs79742301	rs2834061	34376326	34376382
21	50790	50801	rs2834062	rs2226295	34377485	34382282
21	50802	50855	rs8131801	rs62216116	34382450	34403770
21	50857	50930	rs148168238	rs4817520	34405516	34431370
21	50931	50933	rs724070	rs61618270	34431840	34432433
21	50935	50940	rs1000005	rs2834083	34433051	34436973
21	50941	50945	rs6517139	rs56058208	34439206	34441698
21	50946	50949	rs762180	rs80279707	34443781	34446577
21	50951	51038	rs13048654	rs2409471	34449397	34492985
21	51039	51042	rs8132749	rs9974132	34493297	34495841
21	51043	51051	rs7277274	rs8131764	34495925	34500363
21	51052	51054	rs2834094	rs11700745	34501127	34501654
21	51056	51062	rs2834097	rs4816448	34503707	34507631
21	51068	51161	rs4817537	rs2834118	34512979	34542356
21	51163	51183	rs2834119	rs2834130	34543657	34553967
21	51184	51235	rs11088240	rs2051188	34554794	34569215
21	51236	51237	rs999608	rs999607	34569686	34569734
21	51238	51318	rs4817548	rs16990353	34572466	34587897
21	51320	51418	rs9978523	rs6517156	34589270	34634045
21	51419	51421	rs6517157	rs9984273	34634808	34635065
21	51422	51425	rs999788	rs2834167	34638031	34640788
21	51426	51438	rs2507747	rs2510317	34642756	34649941
21	51439	51440	rs2834168	rs2834169	34650791	34650849
21	51441	51490	rs8178484	rs2186279	34651253	34664968
21	51491	51496	rs999261	rs3171425	34666160	34668747
21	51497	51663	rs8178562	rs9984913	34668976	34739333
21	51664	51691	rs17711780	rs2040110	34744239	34764921
21	51692	51994	rs969478	rs1892700	34766467	35016137
21	51997	52008	rs8134847	rs1125036	35020161	35031226
21	52009	52083	rs62227740	rs8131096	35031803	35151092
21	52086	52101	rs2256797	rs2073369	35157511	35166945
21	52102	52120	rs3787713	rs2254480	35167511	35186743
21	52122	52142	rs2268249	rs2248321	35188681	35206880
21	52143	52144	rs2834273	rs57360787	35207521	35208512
21	52145	52146	rs76787576	rs2284569	35215600	35216760
21	52147	52154	rs4817596	rs2409500	35218517	35221667
21	52155	52156	rs11911181	rs1537098	35223783	35224370
21	52157	52158	rs4817597	rs2249221	35226082	35226135
21	52161	52225	rs762185	rs28414038	35227103	35245151
21	52226	52257	rs9980745	rs13052780	35246010	35256000
21	52261	52334	rs9984514	rs11088263	35264674	35290790
21	52336	52338	rs4302292	rs2834302	35291543	35292665
21	52339	52499	rs12482569	rs4817607	35293087	35355708
21	52500	52501	rs34837130	rs17730050	35355769	35355940
21	52504	52550	rs7278695	rs2409507	35356934	35371680
21	52551	52552	rs2096694	rs2409508	35371782	35371824
21	52553	52646	rs2096695	rs13046024	35371887	35406378
21	52652	52701	rs118112771	rs10470170	35408032	35425163
21	52702	52710	rs2154703	rs10854368	35426801	35429006
21	52711	52712	rs117932683	rs2834374	35430886	35430916
21	52713	52717	rs743391	rs4817616	35434896	35444498
21	52721	52911	rs62228248	rs9636874	35449724	35572727
21	52912	52913	rs28393889	rs35993871	35573135	35573435
21	52914	52915	rs80031016	rs12626548	35575290	35575941
21	52916	52937	rs75858567	rs2017582	35576443	35589174
21	52940	52942	rs12482989	rs9976981	35594967	35597270
21	52943	52944	rs2834414	rs4816474	35598406	35598619
21	52945	52970	rs2834415	rs117436557	35599366	35611339
21	52972	53021	rs8128251	rs1557265	35611890	35651730
21	53022	53023	rs2009879	rs8128990	35653304	35654466
21	53024	53096	rs7277800	rs2834447	35655734	35700248
21	53099	53141	rs2834451	rs4817645	35703719	35724134
21	53142	53143	rs75137323	rs8129632	35724717	35724739
21	53145	53146	rs6517226	rs8131118	35725299	35725301
21	53147	53148	rs7283334	rs11702479	35725651	35725729
21	53149	53183	rs2834465	rs41314725	35726754	35744491
21	53184	53185	rs73355797	rs117799008	35763034	35763118
21	53187	53202	rs77110425	rs4816483	35764955	35774114
21	53203	53257	rs4816484	rs1543654	35774157	35799050
21	53260	53261	rs74275689	rs75769753	35804064	35804496
21	53262	53296	rs77924731	rs55857049	35804559	35822368
21	53300	53367	rs928740	rs4817658	35823998	35847214
21	53369	53410	rs71329070	rs2834497	35848710	35861717
21	53411	53528	rs4817663	rs6517241	35862484	35905174
21	53532	53954	rs6517243	rs12626835	35905479	36000893
21	53955	53970	rs9983271	rs2070439	36002257	36011213
21	53972	53973	rs59971892	rs61419297	36012561	36012664
21	53974	54079	rs2834551	rs35169899	36013684	36074650
21	54080	54102	rs2834593	rs2834604	36075006	36093062
21	54103	54107	rs112338162	rs12481764	36094354	36097880
21	54109	54154	rs12481862	rs78040480	36098448	36116854
21	54155	54200	rs76682618	rs7280132	36117422	36130352
21	54202	54203	rs1892665	rs729871	36132492	36134823
21	54204	54221	rs9982981	rs8127944	36136315	36151961
21	54222	54224	rs2070369	rs7276777	36156012	36159252
21	54225	54236	rs56151547	rs2834644	36161087	36186747
21	54239	54273	rs16992393	rs2284616	36193386	36223906
21	54277	54289	rs7282751	rs2251826	36230819	36235739
21	54292	54297	rs2268290	rs2834655	36236516	36238507
21	54298	54301	rs2252585	rs2268294	36241929	36243258
21	54302	54303	rs2015876	rs4366984	36244416	36244465
21	54304	54325	rs2300395	rs2300400	36245198	36254807
21	54326	54327	rs2300401	rs111312289	36258025	36260411
21	54329	54362	rs7281361	rs7364037	36262427	36276892
21	54369	54438	rs34902592	rs2834701	36282225	36337654
21	54442	54443	rs58144960	rs7278199	36339522	36339532
21	54444	54467	rs2834702	rs72613618	36340396	36352840
21	54469	54515	rs2834714	rs59390681	36357352	36367089
21	54516	54533	rs9636888	rs77112753	36367434	36379724
21	54536	54565	rs9976900	rs2834739	36384363	36408913
21	54566	54568	rs3746865	rs2236431	36411119	36413739
21	54571	54583	rs7280028	rs57345915	36416840	36424489
21	54584	54624	rs2834740	rs2242901	36426452	36456189
21	54627	54652	rs2009566	rs7279722	36458043	36465978
21	54654	54663	rs1006294	rs8128234	36467891	36470865
21	54664	54691	rs2834761	rs61038914	36471078	36482178
21	54695	54740	rs8133139	rs2834795	36484440	36508295
21	54741	54764	rs115138969	rs75285675	36509985	36522849
21	54767	54770	rs2834805	rs2075905	36524938	36526884
21	54771	54772	rs4817703	rs76629697	36527100	36527156
21	54774	54900	rs2075903	rs17264184	36527516	36575153
21	54901	54914	rs2834838	rs35555604	36575348	36578516
21	54916	54988	rs2834841	rs12053731	36579366	36612738
21	54989	55063	rs2834860	rs2834880	36613175	36663874
21	55067	55141	rs2834883	rs2834902	36666460	36688528
21	55145	55240	rs13048344	rs61609238	36690392	36740965
21	55243	55259	rs2242725	rs7276627	36746014	36754464
21	55260	55263	rs8132342	rs2834923	36754632	36756031
21	55265	55381	rs12627317	rs2834935	36757418	36821199
21	55385	55404	rs7282237	rs7283506	36824423	36839841
21	55405	55406	rs2834941	rs57006849	36841246	36842699
21	55409	55458	rs2242746	rs2834952	36844672	36882224
21	55465	56005	rs114473307	rs78079360	36886779	37069267
21	56006	56009	rs12481979	rs7281158	37070001	37071840
21	56010	56022	rs73904933	rs7279693	37072072	37074837
21	56023	56033	rs7278588	rs2835102	37074965	37078913
21	56034	56113	rs13045982	rs13047820	37079872	37138824
21	56114	56115	rs190497445	rs73196913	37141914	37142749
21	56116	56190	rs2835139	rs6517311	37146205	37252246
21	56191	56252	rs7278529	rs35226007	37256376	37305159
21	56253	56255	rs423619	rs76138556	37305826	37306632
21	56259	56451	rs2835165	rs2835214	37310356	37361113
21	56452	56477	rs2845737	rs2835221	37361197	37367160
21	56478	56609	rs2835222	rs6517325	37367387	37434978
21	56610	56667	rs2835264	rs62229266	37435965	37460271
21	56668	56675	rs735143	rs12482742	37460862	37464089
21	56676	56918	rs2845727	rs9983855	37464539	37548110
21	56919	56920	rs62229324	rs2845749	37548401	37548660
21	56923	57063	rs28626388	rs186742595	37549848	37599463
21	57065	57066	rs9980393	rs13046850	37599651	37599655
21	57072	57084	rs9981261	rs7280062	37600515	37606670
21	57085	57161	rs117833633	rs61033710	37607741	37643934
21	57163	57239	rs7282050	rs9978899	37645863	37667969
21	57240	57241	rs12626938	rs12627071	37670029	37670146
21	57243	57244	rs28385572	rs8134244	37670697	37670758
21	57245	57256	rs11702495	rs9305583	37670979	37676443
21	57257	57263	rs531006900	rs9789904	37678054	37679671
21	57265	57296	rs59360315	rs218627	37684340	37756035
21	57298	57328	rs71330676	rs35951064	37760992	37795292
21	57330	57336	rs218636	rs2835345	37799273	37801434
21	57337	57485	rs218640	rs60727080	37801658	37827174
21	57486	57488	rs7280011	rs4274662	37827554	37827694
21	57492	57585	rs128494	rs7277448	37834258	37864870
21	57589	57601	rs2776289	rs58192378	37865920	37868817
21	57604	57611	rs743425	rs9984472	37872004	37872509
21	57612	57672	rs73380197	rs2187303	37872597	37895981
21	57673	57674	rs11088353	rs11088354	37896560	37896674
21	57675	57908	rs2187304	rs11088359	37896871	37978316
21	57910	57934	rs1571698	rs380723	37981988	37995539
21	57938	57939	rs34452485	rs7510550	38002029	38002291
21	57942	58047	rs1023408	rs928289	38006273	38026016
21	58048	58055	rs2845778	rs11700665	38027731	38033579
21	58056	58067	rs8127136	rs8132974	38034172	38040461
21	58070	58071	rs2835422	rs2835423	38042412	38042424
21	58072	58075	rs2835424	rs2835425	38042539	38043742
21	58076	58100	rs4816547	rs12627431	38046232	38059842
21	58101	58122	rs7364121	rs2845801	38059942	38072772
21	58129	58152	rs79727496	rs2246036	38074944	38087149
21	58153	58160	rs2835444	rs743428	38087642	38091008
21	58163	58178	rs2000548	rs7281117	38092700	38107306
21	58183	58186	rs79431348	rs9974795	38109985	38112220
21	58187	58199	rs2070519	rs73210779	38113998	38122742
21	58203	58254	rs2845804	rs4501027	38129122	38153547
21	58257	58271	rs79808164	rs73212605	38154882	38162012
21	58273	58319	rs9977713	rs1041832	38162514	38183129
21	58320	58393	rs1984020	rs2835493	38184059	38221333
21	58395	58684	rs60611493	rs28610288	38224063	38348125
21	58685	58686	rs9975027	rs9978378	38348149	38348645
21	58688	58730	rs8127236	rs2850121	38349137	38356150
21	58732	58969	rs73196097	rs11702857	38357586	38428649
21	58971	58974	rs2835569	rs114404434	38429389	38431019
21	58976	58977	rs4817842	rs4816559	38431628	38431637
21	58980	59432	rs2249828	rs7283608	38432621	38670882
21	59435	59489	rs1013742	rs11088386	38673284	38696538
21	59490	59524	rs35701230	rs71332572	38696733	38710854
21	59525	59526	rs73903586	rs2026263	38710971	38711031
21	59527	59528	rs2007547	rs1004471	38711180	38711202
21	59530	59531	rs2409890	rs2409891	38713206	38713436
21	59533	59771	rs80343069	rs2835807	38714203	38924516
21	59774	59834	rs13052762	rs9984798	38926626	38960168
21	59835	59839	rs58537234	rs113356869	38960217	38961924
21	59840	59879	rs4621242	rs4817875	38962154	38969670
21	59883	59906	rs928723	rs13053097	38970666	38984624
21	59907	59908	rs9974136	rs13046760	38984964	38985312
21	59909	60150	rs73220479	rs74682195	38985633	39048630
21	60151	60152	rs67739865	rs1787404	39049101	39049362
21	60153	60154	rs1709826	rs3827195	39049473	39049817
21	60156	60267	rs1709825	rs4817888	39050218	39088007
21	60269	60303	rs117661466	rs11088404	39089652	39099402
21	60304	60355	rs858034	rs2835936	39101001	39126182
21	60357	60398	rs62224366	rs62221968	39129154	39150573
21	60399	60406	rs858044	rs1787337	39151651	39155954
21	60407	60450	rs702866	rs2835976	39159354	39181909
21	60451	60497	rs2835977	rs2835992	39182197	39197558
21	60498	60573	rs2154556	rs11088411	39198887	39226387
21	60574	60575	rs11702092	rs11702168	39226774	39227031
21	60576	60577	rs7284047	rs3827199	39227575	39227602
21	60579	60648	rs4816583	rs10775660	39229040	39253518
21	60652	60684	rs4817901	rs2249899	39254973	39276106
21	60685	60697	rs2836046	rs2836050	39276282	39284835
21	60699	60700	rs76150911	rs75890551	39285833	39285838
21	60702	60766	rs2836051	rs80171529	39286695	39327434
21	60774	60778	rs71316608	rs2836068	39329623	39330527
21	60779	60836	rs56290104	rs2836077	39331008	39354032
21	60837	60839	rs2836078	rs75290401	39354770	39355597
21	60840	60841	rs2836080	rs2836081	39355720	39355742
21	60847	60907	rs12373919	rs2226364	39358496	39379694
21	60908	60958	rs726806	rs8128627	39382095	39418485
21	60959	60994	rs80356029	rs2256062	39420609	39448635
21	60996	60997	rs2836139	rs2836140	39451403	39452670
21	61000	61487	rs34190469	rs11910298	39454888	39690663
21	61488	61504	rs9980201	rs2836307	39691205	39698055
21	61508	61509	rs60128869	rs57010538	39699643	39699661
21	61510	61530	rs73211967	rs2000427	39700196	39708730
21	61531	61564	rs2836310	rs2836334	39710461	39724773
21	61566	61580	rs2836335	rs78554638	39726140	39731011
21	61581	61583	rs4817944	rs2836338	39731247	39731913
21	61586	61626	rs2836340	rs737382	39733529	39748975
21	61627	61663	rs2836350	rs2836369	39748976	39769817
21	61664	61667	rs2836370	rs2836371	39770364	39773528
21	61671	61708	rs12483596	rs2836380	39775274	39790940
21	61711	61778	rs2836381	rs1076817	39792441	39809392
21	61779	61781	rs7283535	rs62217941	39810077	39811162
21	61783	61784	rs2298335	rs2298336	39812481	39813287
21	61785	61797	rs2252203	rs2836409	39813518	39818923
21	61800	61815	rs8133240	rs2410030	39820408	39828844
21	61816	61817	rs2836415	rs10154182	39830556	39830620
21	61821	61822	rs2836416	rs4817947	39833491	39833569
21	61823	61824	rs12329805	rs150860685	39833768	39833813
21	61825	61828	rs2186346	rs2836419	39834330	39835087
21	61829	61932	rs12053740	rs2836441	39835126	39870310
21	61934	61935	rs17285245	rs2836443	39871220	39871276
21	61938	62009	rs3787906	rs2836475	39871868	39902876
21	62011	62163	rs1888471	rs9975915	39903923	39943270
21	62164	62168	rs4817952	rs2836525	39945579	39945849
21	62169	62205	rs62217464	rs2836543	39946229	39955464
21	62206	62211	rs881837	rs73217909	39955954	39959911
21	62214	62303	rs9789875	rs74990434	39962001	39982970
21	62305	62349	rs2212597	rs456457	39983404	40011916
21	62350	62355	rs456658	rs458783	40012656	40013225
21	62356	62530	rs62217511	rs9808747	40013566	40075212
21	62534	62548	rs9979700	rs8129184	40078431	40085220
21	62549	62602	rs80335778	rs2836655	40086457	40116044
21	62603	62604	rs138404763	rs8134461	40116801	40118163
21	62607	62636	rs2836657	rs2836673	40119768	40133710
21	62638	62709	rs2256290	rs374575	40136284	40193914
21	62710	62711	rs2070529	rs2070530	40194028	40194109
21	62712	62838	rs2070531	rs465657	40194216	40227694
21	62839	63005	rs456315	rs60559455	40228036	40280034
21	63006	63008	rs2000639	rs2836746	40280522	40281283
21	63010	63022	rs12626608	rs62219887	40283014	40288055
21	63030	63033	rs8129427	rs6517487	40289454	40289888
21	63035	63067	rs2836751	rs2410068	40290959	40295324
21	63068	63069	rs11910088	rs11088457	40296213	40296275
21	63072	63135	rs76828352	rs2836773	40296565	40316451
21	63138	63259	rs2836776	rs8131635	40318829	40355240
21	63262	63263	rs60789326	rs4817978	40355670	40355786
21	63264	63304	rs4817979	rs2410075	40355918	40364030
21	63306	63341	rs11702736	rs9983202	40364604	40376636
21	63343	63363	rs2836821	rs2836825	40377090	40380977
21	63365	63382	rs17285812	rs2836834	40382167	40387484
21	63385	63445	rs13049645	rs74695560	40389017	40402761
21	63446	63453	rs35474192	rs13050893	40403534	40407051
21	63457	63522	rs9975707	rs8130107	40408322	40425579
21	63523	63585	rs2836865	rs2836873	40426329	40450830
21	63587	63590	rs73903503	rs8132483	40451787	40451844
21	63595	63601	rs369906	rs71316663	40453036	40455511
21	63603	63631	rs28756733	rs378108	40458722	40469520
21	63632	63636	rs403746	rs58278207	40471075	40475118
21	63637	63641	rs371456115	rs11088463	40476083	40480466
21	63642	63643	rs77572112	rs378690	40483769	40483777
21	63647	63730	rs76271499	rs62224879	40484726	40504657
21	63733	63747	rs2836909	rs6517511	40505569	40511922
21	63749	63750	rs8127987	rs9305665	40512793	40513060
21	63752	64213	rs2410103	rs3761372	40514712	40743845
21	64216	64257	rs4818031	rs2837008	40747523	40773487
21	64262	64265	rs12053750	rs12053751	40775462	40775499
21	64266	64338	rs8129564	rs71316678	40776919	40839630
21	64339	64340	rs9981594	rs9981674	40840604	40840627
21	64341	64436	rs9982529	rs4818046	40840878	40893405
21	64438	64504	rs485224	rs6517554	40899071	40908289
21	64505	64622	rs74821724	rs657250	40908759	40933830
21	64626	64732	rs75089347	rs2837097	40937508	40981260
21	64733	64734	rs71316683	rs550569	40981609	40981775
21	64736	64755	rs671324	rs2837102	40984446	41004152
21	64756	64784	rs62222824	rs610353	41004226	41019858
21	64788	64809	rs11700998	rs28421599	41020796	41026963
21	64810	64844	rs2239385	rs4818069	41027747	41047026
21	64846	64870	rs7278671	rs1882778	41047876	41058874
21	64871	64894	rs2205128	rs2065314	41060485	41072130
21	64898	64960	rs62235479	rs16998169	41079654	41097018
21	64963	64979	rs78695875	rs1629066	41098725	41105129
21	64980	64982	rs4818075	rs2837135	41107044	41108661
21	64986	64987	rs460528	rs60218783	41111072	41111094
21	64988	65567	rs1735141	rs2837260	41111100	41225250
21	65568	65571	rs398802	rs59706685	41225542	41227852
21	65572	65579	rs62235394	rs67841606	41229235	41233318
21	65580	65593	rs438591	rs8133133	41234440	41238404
21	65594	65595	rs760149	rs7281946	41238456	41238843
21	65597	65608	rs2299743	rs6517574	41240579	41246661
21	65610	65644	rs2837263	rs2837269	41247892	41259941
21	65649	65663	rs2299754	rs62235439	41261290	41262655
21	65665	65687	rs11088498	rs2075718	41263719	41270062
21	65688	65727	rs2075719	rs6517577	41270521	41276796
21	65728	65730	rs2244084	rs2299762	41277049	41277700
21	65731	65732	rs2299763	rs2299765	41277789	41277845
21	65736	65737	rs2244287	rs968582	41278929	41278955
21	65739	65759	rs2299767	rs16998883	41279583	41282908
21	65760	65763	rs928294	rs994810	41283608	41284211
21	65764	65772	rs9808735	rs7275590	41284522	41285036
21	65773	65815	rs9983735	rs914162	41285053	41296826
21	65816	65831	rs2299800	rs34140815	41296913	41302134
21	65833	65858	rs2837296	rs1888494	41303134	41309645
21	65860	65861	rs76300835	rs76581110	41309976	41309986
21	65862	65863	rs2837309	rs12482580	41310371	41310443
21	65864	65891	rs55651028	rs6517580	41312909	41325804
21	65892	65944	rs720566	rs2837338	41326577	41343650
21	65945	65954	rs35887396	rs1734847	41344479	41345199
21	65956	65957	rs11910718	rs1734848	41345972	41345994
21	65965	65968	rs62236619	rs1734850	41348212	41349998
21	65970	66023	rs1010836	rs112802122	41351123	41372697
21	66025	66050	rs59175043	rs2837373;rs551046084	41373377	41383839
21	66051	66052	rs73221332;rs567671735	rs73221333	41383840	41383937
21	66053	66057	rs2018943	rs62235573	41386139	41388084
21	66063	66126	rs2989337	rs9983282	41390789	41412498
21	66128	66258	rs8128025	rs77916028	41413744	41450380
21	66259	66267	rs75667921	rs433836	41450390	41451604
21	66268	66271	rs2297260	rs2256641	41451734	41451851
21	66273	66274	rs538385532	rs558270542	41452051	41452052
21	66275	66286	rs8130946	rs62235656	41453043	41460806
21	66288	66305	rs7275547	rs9981369	41462760	41472941
21	66307	66409	rs57921150	rs111067076	41473716	41510738
21	66410	66411	rs74901161	rs77399482	41511118	41511967
21	66414	66476	rs57550834	rs10211913	41512872	41526864
21	66478	66483	rs2837463	rs9305691	41527250	41528198
21	66484	66489	rs62235663	rs2898400	41528867	41530038
21	66490	66494	rs2837465	rs7275239	41531207	41531337
21	66498	66535	rs2837468	rs2837477	41532330	41542200
21	66536	66557	rs2837478	rs8130905	41543786	41549769
21	66559	66884	rs3804022	rs9977943	41551175	41667233
21	66885	66957	rs2837554	rs1007307	41667378	41684888
21	66958	66969	rs1000126	rs112940517	41685421	41691880
21	66971	66982	rs76516004	rs8132043	41693760	41700114
21	66983	66988	rs9975677	rs12626628	41701693	41705756
21	66989	67083	rs2205081	rs2837602	41708994	41760126
21	67086	67109	rs2837605	rs2837614	41761210	41766224
21	67110	67115	rs73214887	rs1985799	41769446	41770595
21	67116	67168	rs73359124	rs12482871	41772040	41800454
21	67169	67171	rs2837624	rs2205086	41801051	41802307
21	67173	67204	rs9981495	rs58704028	41803872	41816672
21	67208	67556	rs2837630	rs12627336	41818543	41907901
21	67557	67558	rs79796876	rs76415774	41908052	41908053
21	67563	67602	rs11702826	rs55714611	41908935	41917545
21	67608	67693	rs2205130	rs16999997	41918752	41933878
21	67696	67926	rs1467751	rs61049316	41934862	41992840
21	67928	67929	rs3804024	rs3827218	41993707	41993758
21	67930	67946	rs2837755	rs28398808	41994868	42002547
21	67947	68087	rs73368980	rs73218246	42003285	42028510
21	68088	68092	rs77128469	rs8132096	42028678	42030318
21	68094	68194	rs10854404	rs62224164	42031202	42057798
21	68196	68198	rs62224167	rs2837783	42059007	42059090
21	68200	68279	rs4818163	rs77815793	42060335	42097108
21	68283	68285	rs2837797	rs58114519	42103297	42104122
21	68287	68289	rs7278321	rs2837798	42105523	42106705
21	68290	68380	rs1015852	rs7279013	42106761	42137851
21	68382	68413	rs116987650	rs148539406	42139228	42153871
21	68414	68418	rs56146924	rs2837816	42154106	42154712
21	68419	68530	rs4488752	rs6517619	42156246	42183389
21	68533	68536	rs180952505	rs2837837	42189976	42191008
21	68537	68558	rs57292936	rs4818183	42191539	42199303
21	68562	68621	rs2898425	rs2837856	42201615	42215832
21	68622	68623	rs2837857	rs9975082	42216955	42218928
21	68624	68639	rs78280357	rs4816698	42219227	42223152
21	68646	68706	rs78486492	rs6517633	42226663	42249667
21	68709	68720	rs11088533	rs13049240	42253062	42258329
21	68722	68760	rs2837860	rs4581977	42259075	42274582
21	68761	68762	rs76593212	rs28706422	42275839	42276108
21	68763	68793	rs17000403	rs7275425	42276167	42282783
21	68794	68796	rs928299	rs9978033	42283256	42283467
21	68799	68832	rs962265	rs9975772	42284169	42295022
21	68835	68923	rs2026275	rs9976194	42298219	42333908
21	68924	69000	rs7278669	rs2837895	42335080	42377715
21	69004	69039	rs62217852	rs35305730	42381141	42395911
21	69040	69041	rs7279575	rs2837903	42396678	42396732
21	69042	69075	rs73217792	rs914166	42396762	42416022
21	69077	69080	rs13047849	rs2837913	42421994	42424186
21	69082	69086	rs34275925	rs2094877	42426694	42428769
21	69088	69148	rs2104809	rs9978655	42430011	42450619
21	69149	69285	rs9982249	rs8129709	42451715	42489796
21	69287	69316	rs2837957	rs1571729	42491120	42504113
21	69317	69318	rs1571730	rs1571731	42504281	42504356
21	69319	69332	rs1467755	rs2837960	42505575	42511918
21	69334	69335	rs13049838	rs9977860	42513675	42514510
21	69336	69408	rs914172	rs28654619	42514668	42536126
21	69411	69413	rs28656880	rs62217923	42537986	42539293
21	69414	69421	rs8134160	rs734757	42541202	42543663
21	69422	69423	rs1467756	rs4818218	42545250	42546181
21	69429	69442	rs8130833	rs1977532	42556885	42566145
21	69444	69450	rs730514	rs8131198	42566585	42570841
21	69452	69456	rs3787933	rs7277920	42573589	42575415
21	69457	69479	rs8134302	rs9983496	42578398	42586130
21	69482	69484	rs9978357	rs2837970	42589693	42591611
21	69486	69488	rs34616176	rs12329755	42595176	42596837
21	69489	69498	rs28629220	rs2837974	42597387	42602735
21	69501	69511	rs2898441	rs1541103	42606524	42613344
21	69514	69518	rs2837981	rs2837983	42616005	42616757
21	69519	69587	rs2837984	rs3746889	42617037	42651946
21	69588	69605	rs8126886	rs58795078	42652717	42656617
21	69606	69607	rs9636986	rs1072869	42657487	42657548
21	69609	69625	rs2410416	rs9984207	42658473	42662259
21	69626	69684	rs75707597	rs368737104	42663156	42687402
21	69685	69724	rs10432873	rs8129480	42688582	42709737
21	69725	69760	rs2158354	rs2189512	42710175	42727708
21	69763	69808	rs757368	rs2065326	42729591	42748235
21	69810	69811	rs56680307	rs379839	42749081	42749189
21	69813	69832	rs78231422	rs11911705	42750312	42757103
21	69833	69856	rs9305739	rs73905349	42758710	42765471
21	69858	69859	rs9976700	rs11909373	42766607	42766658
21	69860	69861	rs368750	rs73905353	42766792	42767078
21	69862	69875	rs369908	rs9979006	42767133	42773250
21	69876	69917	rs886451	rs117094906	42773711	42798261
21	69918	69981	rs28631006	rs467537	42799513	42819009
21	69982	70065	rs74429776	rs8133614	42819339	42835739
21	70066	70160	rs462471	rs2298664	42836476	42861181
21	70161	70168	rs429442	rs10154090	42861332	42863723
21	70169	70176	rs391099	rs386638	42863779	42865047
21	70182	70334	rs34256269	rs9975499	42868876	42918166
21	70336	70372	rs11701152	rs7283003	42918795	42930200
21	70375	70484	rs73231939	rs28580771	42931782	42955173
21	70485	70487	rs76705102	rs62219341	43005665	43005842
21	70490	70533	rs76330225	rs77163827	43007201	43020989
21	70535	70576	rs6586233	rs2838074	43023249	43032820
21	70578	70580	rs3850708	rs73903456	43033307	43034439
21	70582	70583	rs2838075	rs2838076	43036634	43037448
21	70584	70593	rs13046221	rs9974579	43037526	43045506
21	70594	70644	rs12627706	rs2838078	43045965	43061285
21	70646	70654	rs12627435	rs2838083	43061829	43063044
21	70656	70672	rs7282146	rs2402161	43063756	43073941
21	70674	70676	rs8129208	rs76972452	43074507	43074545
21	70681	70683	rs2248865	rs2849685	43076296	43076906
21	70686	70707	rs2849687	rs2849696	43078849	43084120
21	70708	70754	rs76210510	rs2776362	43084753	43097819
21	70755	70757	rs2849705	rs2776364	43098465	43098532
21	70759	70820	rs12106341	rs7282417	43099585	43120512
21	70821	70825	rs7281615	rs9978529	43120580	43121106
21	70826	70834	rs11702276	rs8133496	43121187	43121793
21	70837	70838	rs6586224	rs6586225	43122243	43122327
21	70843	70854	rs8134348	rs11203151	43123000	43125561
21	70855	70857	rs13052067	rs9984948	43126676	43127316
21	70858	70885	rs2838089	rs13048836	43127927	43130706
21	70888	70897	rs9982491	rs9974859	43131861	43133387
21	70899	70917	rs62214245	rs4919935	43134690	43136728
21	70919	70942	rs2838100	rs6586231	43139184	43141552
21	70948	70949	rs7283489	rs8126818	43145299	43145748
21	70950	70957	rs4407339	rs79790779	43145983	43146647
21	70958	70965	rs2871117	rs72613634	43146680	43147618
21	70967	71013	rs77443355	rs2838115	43148352	43174165
21	71014	71015	rs56341047	rs6586235	43174332	43174436
21	71016	71052	rs3787954	rs34712210	43175940	43199623
21	71053	71075	rs12627347	rs2849715	43199978	43203510
21	71076	71079	rs73219026	rs2849710	43204305	43205270
21	71081	71172	rs3017439	rs28604512	43207150	43239672
21	71173	71179	rs28477638	rs28648706	43239972	43242091
21	71181	71337	rs28502553	rs11910647	43242691	43284097
21	71338	71343	rs8128042	rs11203190	43284116	43285513
21	71344	71402	rs9975406	rs35840201	43285876	43303558
21	71403	71437	rs3168	rs2839411	43305435	43315057
21	71438	71439	rs2839414	rs218365	43316085	43316215
21	71440	71441	rs17766637	rs11700910	43316506	43317151
21	71443	71466	rs218366	rs459252	43317441	43320977
21	71470	71472	rs1004810	rs8133006	43322304	43322489
21	71473	71528	rs376029	rs9979778	43322866	43335112
21	71531	71544	rs3827223	rs9977215	43338175	43343190
21	71548	71563	rs13052308	rs565106	43347556	43356289
21	71564	71568	rs35013385	rs12482015	43356683	43358614
21	71570	71572	rs9325615	rs9325617	43359680	43359769
21	71575	71576	rs9977045	rs9979420	43363686	43363703
21	71577	71597	rs429110	rs55894641	43364475	43376744
21	71598	71623	rs9979631	rs381803	43377304	43387655
21	71624	71625	rs9680413	rs568517	43388337	43388589
21	71627	71718	rs1963768	rs399907	43389149	43429646
21	71719	71722	rs469108	rs9981640	43430554	43431830
21	71723	71724	rs7278794	rs7280167	43432254	43432297
21	71725	71756	rs78805598	rs220215	43432568	43440257
21	71757	71758	rs11701616	rs11701203	43441250	43441315
21	71760	71768	rs11701770	rs220218	43441834	43443011
21	71769	71771	rs58417802	rs2839440	43443113	43443498
21	71778	71806	rs7278550	rs420783	43446546	43454888
21	71807	71809	rs2839447	rs12482564	43455180	43455479
21	71810	71817	rs220240	rs446831	43455949	43458205
21	71821	71822	rs2839449	rs78494579	43459991	43460247
21	71826	71827	rs35756574	rs150791	43460852	43461043
21	71829	71830	rs150793	rs5024160	43461549	43461580
21	71832	71927	rs150795	rs220275	43462379	43491986
21	71928	71930	rs220276	rs220278	43492329	43492703
21	71931	71937	rs220279	rs220281	43492868	43493586
21	71938	71952	rs220282	rs220290	43493756	43497611
21	71953	71954	rs468126	rs220291	43497824	43498042
21	71958	71971	rs220296	rs8133951	43498844	43502866
21	71972	71976	rs7278485	rs58788126	43504228	43507189
21	71977	71978	rs220301	rs220302	43508801	43508822
21	71979	71998	rs220303	rs12481958	43509699	43517269
21	72000	72078	rs220310	rs220131	43518323	43531848
21	72079	72117	rs220132	rs220150	43532238	43541342
21	72118	72131	rs76201092	rs220157	43542196	43546705
21	72132	72169	rs80040922	rs35523457	43547165	43554337
21	72170	72178	rs12626876	rs34265848	43554401	43555081
21	72181	72182	rs118103260	rs220170	43555295	43555300
21	72184	72185	rs11911271	rs11909133	43555491	43555613
21	72186	72190	rs11910458	rs1563357	43555658	43556335
21	72192	72290	rs11701867	rs9637293	43556732	43570977
21	72291	72298	rs220184	rs11701255	43571418	43577614
21	72299	72300	rs220187	rs220188	43577998	43578010
21	72301	72371	rs28655628	rs221953	43578317	43608656
21	72372	72459	rs2839476	rs4148104	43609680	43642438
21	72461	72490	rs12627318	rs178743	43643583	43660591
21	72491	72493	rs170445	rs9979482	43661486	43662341
21	72494	72499	rs225449	rs2839478	43662626	43667082
21	72502	72516	rs3787980	rs184433	43672637	43678132
21	72517	72545	rs1788362	rs170439	43678262	43687647
21	72546	72604	rs111213057	rs79592672	43687745	43703324
21	72608	72609	rs8132393	rs8130657	43704002	43704003
21	72610	72611	rs80300478	rs2234719	43704244	43704650
21	72612	72614	rs10788646	rs9653812	43705330	43705725
21	72619	72627	rs4920080	rs914189	43708766	43710909
21	72628	72633	rs111067089	rs3788010	43713610	43716022
21	72635	72653	rs1541290	rs225435	43718483	43726618
21	72654	72655	rs77492373	rs6586308	43727668	43727683
21	72658	72662	rs225437	rs11203195	43730795	43731485
21	72663	72712	rs2236705	rs225330	43732828	43764025
21	72713	72716	rs225331	rs172824	43764252	43764748
21	72717	72777	rs170431	rs225353	43764907	43783055
21	72778	72779	rs225354	rs225355	43784201	43784482
21	72780	72785	rs2839488	rs3761376	43786186	43787038
21	72787	72790	rs35448902	rs1788413	43787501	43788690
21	72791	72812	rs4920095	rs35981368	43788987	43793487
21	72815	72816	rs73225477	rs1888520	43794014	43794185
21	72817	72820	rs748371	rs876125	43794386	43794827
21	72821	72822	rs755946	rs894287	43795165	43795256
21	72823	72852	rs2839493	rs12626303	43795697	43806603
21	72857	72877	rs225432	rs225320	43808964	43815876
21	72878	72879	rs3814902	rs3829962	43816548	43816624
21	72883	72980	rs9975920	rs2839513	43818656	43852355
21	72981	73004	rs6586314	rs3788015	43852867	43865590
21	73006	73008	rs3827231	rs11910104	43866166	43866169
21	73009	73034	rs884339	rs8130358	43866505	43875848
21	73035	73038	rs6586316	rs73374103	43876170	43877364
21	73040	73078	rs2839528	rs4920111	43878660	43895661
21	73084	73085	rs11700646	rs190105066	43897293	43897303
21	73087	73089	rs532561393	rs562983482	43897332	43897334
21	73090	73142	rs55886155	rs3788020	43899154	43947353
21	73143	73213	rs2839541	rs228100	43947654	43983043
21	73217	73331	rs228103	rs410698	43984307	44021566
21	73332	73333	rs34245392	rs410700	44021568	44021573
21	73334	73335	rs1788420	rs1788421	44021992	44022258
21	73336	73345	rs1232668	rs34795730	44022516	44025116
21	73347	73357	rs7282743	rs11702606	44025148	44028191
21	73360	73403	rs7281185	rs376448	44030109	44046434
21	73405	73473	rs4920126	rs228037	44047806	44071639
21	73474	73475	rs228038	rs228039	44071939	44072193
21	73476	73477	rs2269124	rs2269125	44072360	44072445
21	73480	73492	rs9981677	rs1078487	44075044	44078799
21	73494	73509	rs6586337	rs2269135	44080731	44087239
21	73510	73555	rs2284957	rs2284961	44088258	44103207
21	73558	73559	rs8134359	rs2839571	44104825	44104858
21	73560	73697	rs58419862	rs2269155	44107083	44154673
21	73700	73708	rs9979235	rs58923164	44156769	44158451
21	73710	73718	rs9976235	rs11203213	44160538	44161845
21	73719	73745	rs6586343	rs2269159	44163625	44174592
21	73747	73795	rs2269161	rs6586347	44175695	44190077
21	73796	73798	rs7283513	rs2269172	44190435	44190680
21	73799	73804	rs2269173	rs2276240	44191131	44192240
21	73809	73827	rs9637296	rs35264496	44195374	44200076
21	73828	73848	rs12483688	rs4607027	44200643	44208433
21	73849	73853	rs34884740	rs60301686	44209097	44209374
21	73855	73863	rs11702357	rs4365553	44211260	44214688
21	73864	73865	rs11700734	rs11702111	44214808	44214809
21	73867	73895	rs34307614	rs3994826	44215609	44224680
21	73897	74286	rs34596482	rs74480665	44225169	44358336
21	74288	74311	rs9637299	rs383789	44360107	44367101
21	74312	74668	rs141716046	rs9977307	44367693	44468432
21	74670	74726	rs11701704	rs57242821	44469404	44491096
21	74727	74731	rs9980564	rs2850144	44492603	44496976
21	74732	74736	rs60329499	rs73906429	44499009	44501592
21	74737	74739	rs140401489	rs73372399	44502259	44502816
21	74740	74741	rs8127036	rs234783	44503173	44503243
21	74744	74747	rs4920038	rs9985136	44505187	44506116
21	74750	74752	rs9977396	rs2850147	44507418	44508718
21	74753	74756	rs11203173	rs4919961	44508821	44509158
21	74757	74805	rs28479808	rs9325624	44509578	44537387
21	74807	74840	rs140974017	rs9974971	44541216	44568074
21	74842	74858	rs8131868	rs9981887	44569853	44577808
21	74859	74866	rs9647279	rs75930012	44578816	44580780
21	74867	74871	rs77084473	rs879648	44582411	44585405
21	74873	74878	rs882387	rs7278468	44586168	44588757
21	74880	74881	rs872331	rs870137	44589215	44590059
21	74885	74896	rs112855370	rs2401155	44592483	44594706
21	74902	74924	rs11203177	rs2839649	44598951	44607103
21	74927	74937	rs7278370	rs4538294	44609628	44617549
21	74938	74944	rs9975043	rs11702821	44619256	44623842
21	74946	74964	rs8133281	rs28972086	44626269	44632513
21	74966	74970	rs201912430	rs113488507	44689962	44691733
21	74971	74972	rs202187195	rs113743762	44691854	44695577
21	74976	74978	rs12482212	rs56113956	44701381	44701697
21	74979	74981	rs143774544	rs59829302	44702920	44703644
21	74982	74983	rs11089015	rs11089017	44710408	44710612
21	74984	75019	rs9981213	rs2051406	44710870	44720183
21	75020	75023	rs8134074	rs11911601	44720381	44720839
21	75025	75061	rs8130023	rs560548	44721382	44732665
21	75064	75070	rs655410	rs2838255	44736358	44739048
21	75071	75072	rs9976626	rs2838257	44739802	44740134
21	75074	75101	rs688515	rs647495	44741551	44751394
21	75103	75123	rs631462	rs60376124	44752680	44759726
21	75125	75174	rs2838269	rs503786	44761179	44773946
21	75175	75176	rs2838281	rs8130681	44774757	44774853
21	75177	75179	rs9981625	rs560511	44775278	44775561
21	75180	75190	rs76208778	rs2838283	44776311	44779164
21	75191	75194	rs681210	rs2838285	44779343	44779969
21	75195	75199	rs28472835	rs525605	44779986	44780594
21	75201	75266	rs78806858	rs653004	44781596	44802443
21	75267	75284	rs2838292	rs857557	44803821	44812931
21	75285	75288	rs7281209	rs2838297	44813517	44815897
21	75293	75302	rs762388	rs2329373	44821867	44825274
21	75303	75304	rs144127821	rs145081487	44825290	44825299
21	75307	75308	rs857553	rs471712	44825519	44825536
21	75309	75343	rs2096852	rs229346	44825683	44839654
21	75344	75347	rs17004546	rs2006112	44840138	44841052
21	75349	75350	rs179327	rs229347	44846614	44848070
21	75351	75352	rs472497	rs35894956	44848203	44848234
21	75353	75358	rs229348	rs9982824	44850760	44852616
21	75359	75432	rs172959	rs7281094	44853031	44874702
21	75433	75441	rs60399891	rs162384	44874750	44879102
21	75442	75444	rs148337354	rs162382	44879427	44884252
21	75448	75783	rs229342	rs13053089	44888363	45135385
21	75785	75821	rs9985172	rs146175819	45136843	45159123
21	75825	75828	rs74373568	rs4819306	45163867	45166979
21	75829	75863	rs11539534	rs1299	45168884	45182064
21	75864	75865	rs9978643	rs2838361	45183885	45186251
21	75866	75876	rs78198901	rs4819311	45186843	45189717
21	75877	75879	rs73224946	rs743466	45190709	45191005
21	75882	76178	rs9976143	rs11089102	45192020	45258047
21	76180	76182	rs73224999	rs56928276	45259325	45259819
21	76184	76349	rs9975126	rs2838442	45261936	45357730
21	76350	76382	rs743468	rs2838447	45359587	45370888
21	76383	76386	rs3827248	rs9974326	45371039	45373020
21	76387	76490	rs2838448	rs2096858	45373304	45417467
21	76491	76837	rs878132	rs4818886	45418327	45589727
21	76838	76839	rs2838511	rs34486701	45589980	45590125
21	76840	76863	rs7278570	rs4819386	45593802	45604577
21	76869	76944	rs2838515	rs56158034	45608537	45627228
21	76945	76972	rs56228530	rs12482412	45627278	45634250
21	76973	76975	rs8130872	rs7279792	45635062	45635719
21	76976	77065	rs2329711	rs11701174	45636387	45652756
21	77066	77067	rs76528571	rs73229000	45653275	45653292
21	77068	77089	rs7281454	rs8129253	45653759	45662236
21	77091	77114	rs9306176	rs7354779	45663949	45670770
21	77119	77120	rs2838534	rs2070562	45673649	45674095
21	77121	77200	rs56004138	rs2850167	45674942	45702354
21	77201	77210	rs28676806	rs3761389	45703058	45704938
21	77212	77233	rs3746964	rs933150	45705988	45712588
21	77235	77246	rs111411199	rs2847227	45714020	45718392
21	77248	77327	rs1893208	rs11088947	45721072	45742822
21	77330	77347	rs928303	rs66916924	45744982	45756069
21	77351	77378	rs56242109	rs4818712	45757631	45767733
21	77382	77547	rs59394517	rs58117585	45770725	45850231
21	77549	77550	rs752354	rs2238724	45852074	45852949
21	77551	77552	rs762429	rs73907188	45853469	45853470
21	77553	77558	rs2238726	rs45593631	45853851	45854740
21	77559	77564	rs749909	rs9979491	45854807	45856615
21	77567	77654	rs8128434	rs9977639	45858206	45893286
21	77655	77679	rs4818720	rs186033564	45893879	45904708
21	77680	77697	rs77852384	rs2838575	45908432	45930635
21	77700	77710	rs60390607	rs58270608	45939057	45942745
21	77712	77721	rs2838578	rs12626344	45947684	45953169
21	77724	77740	rs743492	rs62220861	45956146	45962371
21	77745	77746	rs233232	rs233233	45968354	45968373
21	77747	77784	rs6518194	rs233251	45969601	45976279
21	77786	77842	rs233252	rs233284	45978090	45992475
21	77844	77847	rs200779717	rs396912	45993746	45994488
21	77848	77919	rs12626886	rs233291	45994843	46008453
21	77921	77922	rs1785470	rs1699040	46008875	46008878
21	77923	77924	rs433396	rs390496	46008933	46008934
21	77926	78038	rs9982770	rs78776607	46009217	46025739
21	78040	78073	rs8134976	rs463741	46026436	46042170
21	78074	78077	rs2838600	rs8126931	46042213	46042375
21	78082	78124	rs8134285	rs4818950	46045354	46057806
21	78127	78132	rs1785474	rs12626365	46058229	46058457
21	78134	78138	rs2174150	rs7280471	46062532	46064903
21	78140	78155	rs62219775	rs12626215	46065677	46070624
21	78156	78157	rs12483360	rs9983892	46073373	46073660
21	78158	78428	rs2073437	rs878127	46074104	46129035
21	78430	78432	rs79379722	rs17004695	46130325	46130596
21	78434	78467	rs34086740	rs75833652	46132028	46142745
21	78468	78473	rs235290	rs189288	46142859	46143989
21	78474	78475	rs180319	rs11701336	46145460	46145518
21	78476	78582	rs186849	rs425865	46145578	46174999
21	78583	78584	rs388296	rs13050798	46175364	46175366
21	78586	78587	rs396999	rs35907272	46175935	46175937
21	78590	78591	rs4818972	rs632164	46176838	46176974
21	78592	78736	rs658637	rs690626	46178297	46243319
21	78739	78968	rs690350	rs235377	46244131	46308212
21	78970	79000	rs2075883	rs2838729	46310445	46319417
21	79002	79003	rs12627394	rs12627407	46319923	46319965
21	79006	79008	rs117031423	rs760464	46320888	46321035
21	79009	79011	rs2235133	rs35963032	46321172	46321226
21	79013	79031	rs5030669	rs3746973	46321677	46328026
21	79033	79071	rs73906941	rs7282310	46328238	46336166
21	79072	79073	rs78754053	rs7277900	46336502	46336509
21	79077	79078	rs56332357	rs56056043	46337226	46337271
21	79080	79081	rs3788151	rs34787599	46337565	46338197
21	79082	79133	rs9306118	rs4818987	46338403	46347362
21	79135	79146	rs9983174	rs991340	46349031	46350779
21	79147	79148	rs9978207	rs12626759	46351012	46351134
21	79151	79392	rs7278594	rs914223	46352608	46420755
21	79395	79412	rs58638188	rs7275892	46422296	46428137
21	79416	79420	rs4819011	rs4819013	46430048	46433670
21	79422	79458	rs8126575	rs2838755	46435610	46453498
21	79459	79464	rs79962557	rs8128735	46454053	46454469
21	79466	79498	rs7277951	rs8132813	46454844	46483467
21	79501	79638	rs72613652	rs2838791	46484612	46563014
21	79644	80120	rs3746976	rs34700676	46566531	46736292
21	80122	80127	rs2838873	rs9980863	46739353	46741379
21	80132	80134	rs914233	rs79858539	46744941	46745384
21	80137	80173	rs747403	rs9637167	46747226	46759886
21	80174	80175	rs4819064	rs4819065	46762213	46762390
21	80176	80231	rs4819066	rs2838896	46762448	46777852
21	80232	80349	rs28635151	rs74875197	46778943	46808696
21	80350	80395	rs11911914	rs62216279	46809467	46819726
21	80397	80403	rs2330105	rs7282427	46820786	46821757
21	80404	80405	rs2838906	rs61674626	46821907	46822325
21	80406	80409	rs10775680	rs80327334	46822508	46824261
21	80410	80429	rs34975687	rs71334063	46825723	46832345
21	80430	80456	rs76701795	rs35387814	46833114	46839375
21	80458	80459	rs2838917	rs13050115	46839904	46841119
21	80460	80518	rs59864413	rs7283026	46841397	46853259
21	80521	80779	rs78184684	rs115999824	46854117	46921404
21	80780	80784	rs9789900	rs8126955	46921982	46922934
21	80787	80791	rs2838949	rs62214273	46924209	46925416
21	80794	80804	rs2236483	rs78487064	46926054	46929553
21	80805	80879	rs2838951	rs9976727	46929720	46959179
21	80880	80881	rs73907602	rs4818790	46959771	46959979
21	80884	80889	rs3788205	rs4818791	46964378	46970267
21	80891	80892	rs62214331	rs62214332	46974927	46974932
21	80893	80977	rs575874196	rs9647239	46975073	47012453
21	80979	81005	rs11089016	rs13051580	47014657	47026063
21	81012	81013	rs9974061	rs11701131	47032094	47032136
21	81015	81016	rs2094884	rs2094885	47035735	47036019
21	81017	81684	rs11701960	rs452877	47036348	47372610
21	81687	81790	rs364984	rs62215498	47373412	47407362
21	81791	81806	rs2839076	rs55726338	47408790	47411216
21	81807	81856	rs377019635	rs1053331	47411389	47424187
21	81859	81985	rs62215505	rs56340907	47425984	47469177
21	81989	81990	rs13048798	rs9982334	47470612	47470696
21	81991	81992	rs28528982	rs28656384	47470831	47470852
21	81993	82023	rs7282216	rs13046841	47471324	47475747
21	82028	82139	rs9976186	rs8134988	47476173	47491014
21	82140	82141	rs56346799	rs11700987	47491166	47491264
21	82142	82155	rs9983862	rs2839101	47493995	47498034
21	82160	82209	rs148814189	rs2156431	47501075	47516540
21	82211	82332	rs1475915	rs10432965	47517157	47557222
21	82338	82385	rs55940244	rs61729391	47559419	47571845
21	82388	82395	rs8134417	rs2277821	47573696	47575470
21	82398	82720	rs4819209	rs13047478	47577117	47734659
21	82721	82724	rs2839210	rs2015083	47735735	47741092
21	82725	82726	rs2276258	rs4819238	47745133	47746882
21	82727	83189	rs2839212	rs60275894	47751347	48004353
21	83190	83378	rs7277101	rs200215289	48005423	48105088
21	83384	83385	rs566389860	rs11910421	48115579	48117699
