chr	start.index	end.index	start.rsID	end.rsID	start.bp	end.bp
21	1	47	rs78200054	rs372796018	9411410	9448874
21	52	54	rs368741731	rs370881841	9456045	9456326
21	59	65	rs576309716	rs558507375	9467086	9471670
21	68	81	rs563765800	rs568399916	9473042	9477955
21	82	84	rs553581438	rs534680183	9478024	9478027
21	85	86	rs189403754	rs562036486	9479686	9479702
21	87	88	rs537179246	rs145077806	9483297	9483659
21	89	90	rs540616910	rs560500179	9484288	9484289
21	92	97	rs538030587	rs183964216	9488971	9489447
21	98	102	rs143995096	rs373788636	9489513	9489703
21	103	109	rs147740501	rs374034966	9491375	9496408
21	110	111	rs373213682	rs377470064	9498191	9498193
21	113	115	rs138132461	rs372152129	9498720	9498724
21	120	122	rs143986423	rs369472332	9505908	9507749
21	123	124	rs376042200	rs370139815	9507863	9507937
21	126	127	rs562699513	rs531794488	9509987	9509988
21	128	129	rs79827568	rs77838989	9510482	9510483
21	131	132	rs376341423	rs368768831	9513188	9513279
21	136	140	rs372898916	rs371849072	9515765	9520088
21	143	156	rs373632895	rs372856111	9524016	9527632
21	159	171	rs373140425	rs368109465	9528972	9541294
21	177	178	rs370585618	rs370950715	9543982	9544100
21	179	183	rs558160975	rs71233187	9547190	9549009
21	186	187	rs536422311	rs556740018	9549614	9549615
21	194	195	rs370330570	rs375266867	9551883	9551884
21	196	198	rs562685045	rs544837208	9552050	9552054
21	199	200	rs189168059	rs181888158	9552124	9552125
21	208	211	rs565612934	rs537289404	9560741	9561133
21	218	230	rs79784787	rs77203822	9573176	9577247
21	231	233	rs369513601	rs376234379	9577355	9577810
21	236	260	rs374739526	rs71232934	9579380	9594386
21	264	401	rs78008576	rs373653911	9646689	9727818
21	411	412	rs564920199	rs527706209	9766147	9766178
21	419	420	rs559567833	rs528389385	9827521	9827522
21	421	631	rs377252712	rs373060546	9827703	9910491
21	633	660	rs138722934	rs368228489	9911075	9921587
21	661	786	rs182102777	rs374798902	9921617	9958738
21	788	790	rs555971461	rs557022898	9959180	9959421
21	791	795	rs11588443	rs188114828	9959821	9960291
21	798	799	rs375256467	rs2992563	9966843	9966866
21	802	805	rs536096443	rs4361469	9972056	9972611
21	806	807	rs147807743	rs139082501	9972897	9972912
21	810	811	rs368323051	rs143204512	9978998	9979382
21	816	817	rs564612246	rs533350188	9987288	9987289
21	819	822	rs368442178	rs372828473	9987432	9988037
21	823	825	rs369766960	rs370518976	9988907	9989196
21	829	830	rs76092870	rs371508032	9990647	9990668
21	831	833	rs368522818	rs187321629	9994652	9996814
21	835	842	rs368959345	rs367668837	9996966	9997898
21	843	859	rs370261933	rs373006350	9997977	10014572
21	863	865	rs536352381	rs369761112	10024147	10024476
21	868	869	rs370220027	rs374373576	10031728	10031831
21	870	877	rs373726865	rs558272230	10085418	10087068
21	881	883	rs374388010	rs376166087	10101392	10101514
21	890	893	rs578161237	rs573941384	10141532	10141535
21	901	902	rs371361364	rs376232428	10187291	10187293
21	904	905	rs374403603	rs557740289	10200902	10200903
21	908	916	rs547078259	rs78756897	10205434	10209968
21	918	920	rs527858118	rs368117819	10370644	10374201
21	924	965	rs77936844	rs4096634	10405443	10475032
21	967	979	rs2945210	rs79407097	10480676	10513240
21	984	985	rs372377793	rs74814918	10522307	10524913
21	989	1011	rs565900170	rs71217789	10525848	10562814
21	1012	1021	rs4454389	rs373510463	10565733	10596027
21	1023	1055	rs4913173	rs4637950	10598148	10634793
21	1057	1059	rs78204587	rs373408992	10642010	10646262
21	1064	2306	rs28766368	rs1807615	10698410	11186346
21	2312	2821	rs464374	rs55776382	14342608	14595742
21	2823	2830	rs2821785	rs2775536	14596236	14597296
21	2831	2835	rs2262527	rs118043152	14598639	14599758
21	2839	3535	rs2775537	rs2821876	14601415	14831360
21	3540	3541	rs4083429	rs57043260	14835272	14835359
21	3542	3618	rs150660971	rs201331934	14835749	14851055
21	3621	3627	rs464228	rs3117272	14853048	14855101
21	3628	3629	rs455290	rs458981	14855186	14855510
21	3630	3631	rs56287091	rs1739217	14856252	14856624
21	3632	3633	rs527706020	rs1739218	14857016	14857200
21	3635	3644	rs146299846	rs3126350	14860279	14863607
21	3647	3698	rs58714248	rs79577676	14865332	14880864
21	3699	3703	rs35033681	rs2821906	14881626	14882814
21	3704	3711	rs8133968	rs141741020	14884377	14886146
21	3712	3717	rs2334548	rs116855956	14886802	14888197
21	3719	3721	rs12482599	rs138341593	14888764	14888797
21	3725	3930	rs9981673	rs7278824	14889411	14957391
21	3935	3979	rs560762106	rs145886347	14967275	15024452
21	3981	3993	rs576410619	rs62211858	15025211	15027517
21	3995	3996	rs62214003	rs4046714	15075861	15075877
21	3998	3999	rs7275964	rs7276264	15090177	15090335
21	4000	4008	rs71215248	rs370443961	15126977	15152783
21	4009	4022	rs7282370	rs75531705	15152923	15155615
21	4024	4034	rs62208755	rs80109145	15164647	15170020
21	4035	4036	rs115870355	rs115443114	15170635	15170833
21	4038	4043	rs371810372	rs77878701	15178898	15185123
21	4044	4045	rs114870571	rs199632382	15186550	15195014
21	4046	4055	rs148940078	rs183844788	15199184	15200194
21	4056	4057	rs142731963	rs117620118	15200371	15200373
21	4058	4175	rs67792948	rs9636698	15200378	15223852
21	4176	4178	rs61143513	rs77939754	15223864	15224436
21	4179	4187	rs2150361	rs9984677	15226859	15229851
21	4192	4193	rs9979169	rs9974735	15231184	15231187
21	4196	4453	rs9982500	rs150345684	15231661	15263130
21	4454	4583	rs113521853	rs72490199	15263131	15279395
21	4594	4910	rs382908	rs147727553	15280492	15334160
21	4912	4924	rs422135	rs9983473	15334726	15338899
21	4925	4930	rs7280040	rs8134318	15339045	15341231
21	4931	4936	rs373123	rs59271677	15341527	15342905
21	4939	4940	rs142131373	rs11911060	15345149	15345152
21	4941	4942	rs8128952	rs62208206	15345167	15345168
21	4945	4948	rs117852611	rs145725077	15345734	15347096
21	4949	5090	rs78467061	rs1297104	15347604	15386482
21	5093	5094	rs11701277	rs191406973	15386826	15386835
21	5095	5096	rs369039176	rs373162425	15386948	15386950
21	5097	5098	rs3993079	rs2896649	15387105	15387106
21	5100	5330	rs142954660	rs144788075	15387224	15450157
21	5335	5342	rs112460512	rs35823367	15451404	15452853
21	5343	5345	rs4453762	rs12626431	15452911	15452985
21	5348	5718	rs13052850	rs2822436	15453333	15526090
21	5719	5723	rs9984592	rs4306779	15527617	15528558
21	5725	5752	rs13046576	rs13051245	15530959	15536171
21	5753	5922	rs12482146	rs378430	15536548	15578231
21	5923	5942	rs451807	rs448172	15578755	15586680
21	5945	6434	rs79898733	rs62227533	15588798	15655767
21	6435	6437	rs8129852	rs4816277	15655772	15655879
21	6438	6443	rs73159947	rs13048205	15655898	15656435
21	6445	6449	rs383375	rs1297127	15657149	15658260
21	6451	6452	rs55907926	rs60455889	15658433	15658475
21	6453	6454	rs1297126	rs1297125	15658737	15658830
21	6455	6462	rs1013001	rs1014538	15659254	15659778
21	6464	6466	rs1153304	rs1153306	15660539	15662131
21	6468	6486	rs2822554	rs79254703	15663291	15667836
21	6487	6491	rs73159977	rs9305284	15668033	15669425
21	6493	6494	rs1153309	rs1153310	15670066	15670668
21	6495	6498	rs76301143	rs2537885	15670799	15671097
21	6499	6590	rs73344364	rs73346382	15671137	15688152
21	6592	6600	rs887771	rs59610771	15690083	15692008
21	6604	6795	rs60188989	rs13048016	15692143	15726002
21	6797	6801	rs722028	rs80333726	15726796	15727418
21	6802	7028	rs116899193	rs11088042	15728417	15815385
21	7029	7030	rs7277864	rs6516781	15815495	15816204
21	7032	7046	rs12626304	rs2178900	15816915	15821361
21	7047	7069	rs2822665	rs9305343	15822407	15841092
21	7076	7105	rs79256302	rs80156388	15843475	15855466
21	7108	7109	rs2822694	rs62227162	15857013	15857097
21	7110	7128	rs17003264	rs415503	15857425	15863523
21	7134	7164	rs116136	rs552249850	15865123	15880996
21	7165	7228	rs77241977	rs2822735	15884322	15898591
21	7229	7251	rs1882914	rs28647773	15898616	15902679
21	7253	7316	rs4817236	rs7275507	15905580	15929330
21	7317	7321	rs9980490	rs1882916	15929682	15930861
21	7322	7373	rs1882917	rs28702407	15930957	15949527
21	7375	7376	rs7276949	rs112452390	15950781	15950842
21	7377	7378	rs4817266	rs2822778	15951414	15951707
21	7379	7402	rs9305389	rs393297	15952353	15958248
21	7404	7405	rs7281036	rs73348050	15959372	15959409
21	7407	7408	rs419430	rs410429	15960048	15960091
21	7409	7435	rs62227219	rs460852	15960230	15966421
21	7436	7437	rs28649652	rs10222079	15966868	15966876
21	7438	7494	rs461178	rs111541596	15967973	15989102
21	7495	7528	rs1292585	rs457036	15989929	16004402
21	7530	7626	rs462450	rs11909391	16005130	16045713
21	7627	7628	rs2045586	rs388522	16046072	16046214
21	7629	7662	rs2005940	rs2822833	16049066	16057487
21	7663	7673	rs988831	rs960479	16057936	16060592
21	7674	7681	rs467116	rs446561	16062725	16064992
21	7683	7824	rs1155418	rs460014	16066317	16091441
21	7825	7829	rs458052	rs2246699	16091692	16092214
21	7830	7951	rs2446696	rs954825	16092252	16133839
21	7952	7954	rs1556282	rs2822906	16133873	16134783
21	7956	7959	rs2244991	rs11702010	16136170	16137222
21	7961	7977	rs2822908	rs79754834	16137349	16139409
21	7979	7981	rs2178898	rs2822916	16140347	16140490
21	7982	7983	rs7280295	rs2822917	16140532	16140534
21	7985	8114	rs4490276	rs56067539	16140918	16214514
21	8120	8131	rs8131259	rs12106334	16216399	16223789
21	8134	8160	rs2822961	rs2142456	16224808	16240285
21	8162	8193	rs35007911	rs885265	16242551	16255628
21	8196	8271	rs2822971	rs2776036	16259220	16315838
21	8273	8397	rs2253363	rs2823001	16318226	16368253
21	8399	8547	rs9305525	rs144553965	16368647	16436923
21	8551	8552	rs13049809	rs2223043	16438779	16438793
21	8553	8598	rs58642793	rs75142972	16438962	16451314
21	8600	8611	rs975336	rs2244221	16451845	16455128
21	8614	8663	rs2823039	rs55666326	16456234	16480432
21	8664	8665	rs57567605	rs4817650	16480729	16480898
21	8666	8683	rs2823060	rs8126783	16481431	16487408
21	8688	8689	rs2026851	rs6517231	16488347	16488420
21	8690	8791	rs2823070	rs2007783	16488615	16518524
21	8793	8887	rs12483713	rs1882963	16520686	16560118
21	8888	8889	rs7275186	rs7275196	16560348	16560378
21	8891	8913	rs2823128	rs149828026	16563309	16574676
21	8915	8924	rs2823138	rs2823143	16576493	16580011
21	8929	8989	rs2064040	rs13048359	16584341	16600736
21	8992	9048	rs396032	rs2823192	16601839	16640923
21	9050	9077	rs8128542	rs2823206	16644197	16661170
21	9079	9138	rs2823207	rs2150371	16663004	16689184
21	9141	9149	rs8129151	rs12482597	16689782	16695327
21	9152	9210	rs28478640	rs201011241	16696415	16771836
21	9211	9212	rs2823252	rs1297253	16772574	16772982
21	9213	9275	rs1631289	rs62218408	16776279	16798841
21	9276	9281	rs7282047	rs17209200	16799673	16802554
21	9282	9358	rs1736013	rs2823289	16804330	16841195
21	9359	9360	rs13049055	rs2823290	16841301	16841303
21	9362	9363	rs12627419	rs12627420	16843157	16843159
21	9364	9407	rs79755775	rs80271204	16843476	16869023
21	9409	9410	rs12152106	rs2741972	16869920	16869936
21	9412	9492	rs141424801	rs9976607	16870787	16896389
21	9493	9510	rs2823325	rs992557	16898309	16904586
21	9512	9638	rs2823341	rs8129285	16907757	16933015
21	9641	9677	rs9975051	rs7281601	16934564	16943758
21	9679	9681	rs34178449	rs4817980	16945811	16946020
21	9683	9740	rs11701557	rs2242850	16946241	16961441
21	9743	9745	rs13049677	rs12627597	16968210	16970846
21	9747	9769	rs2823383	rs2823393	16977568	16994796
21	9771	9798	rs4496400	rs2206671	16998011	17010296
21	9800	9802	rs2242858	rs2242859	17011285	17011441
21	9806	9859	rs4613369	rs11700982	17015646	17045890
21	9860	9872	rs8129023	rs979155	17047122	17054861
21	9875	9883	rs2823444	rs2242675	17057197	17061404
21	9884	9885	rs11909487	rs2823452	17062379	17063570
21	9886	10234	rs2823453	rs9984651	17064201	17305780
21	10235	10236	rs448209	rs117988969	17306649	17308629
21	10239	10305	rs1297328	rs2823524	17311444	17343718
21	10306	10308	rs1474889	rs2823526	17344974	17346248
21	10309	10310	rs727131	rs2823528	17348049	17348705
21	10311	10315	rs2823529	rs375736	17349273	17351007
21	10316	10383	rs73187454	rs62217622	17351758	17378849
21	10385	10442	rs11088561	rs2823567	17380633	17403639
21	10444	10457	rs73894724	rs7281157	17406475	17409410
21	10458	10465	rs2823577	rs9979672	17410937	17413179
21	10466	10481	rs8132376	rs6517685	17416393	17426883
21	10482	10484	rs1034117	rs2823588	17431897	17432845
21	10486	10553	rs9979716	rs995078	17434149	17511329
21	10558	10559	rs147965592	rs4818253	17522827	17522844
21	10561	10562	rs13049685	rs7409985	17523330	17523940
21	10563	10572	rs2823620	rs2404034	17527197	17530241
21	10573	10612	rs1319028	rs78908469	17530674	17552708
21	10613	10628	rs111724887	rs2823632	17555061	17561654
21	10630	10631	rs2051347	rs2823634	17563269	17564710
21	10632	10634	rs2823635	rs238960	17565645	17570326
21	10635	10636	rs238961	rs2823636	17570360	17570649
21	10638	10691	rs9982228	rs2823687	17576018	17624130
21	10692	10746	rs2823692	rs9637001	17626771	17647493
21	10747	10748	rs62217679	rs13048738	17650003	17651306
21	10749	10751	rs239048	rs12482977	17654125	17655042
21	10752	10778	rs28483187	rs4818261	17657556	17666672
21	10779	10790	rs151577	rs62217725	17667547	17668979
21	10794	10795	rs12482515	rs239086	17671714	17673157
21	10796	10800	rs11702699	rs239088	17673233	17674415
21	10801	10805	rs239089	rs6650851	17675062	17677057
21	10806	10807	rs238943	rs73892944	17679187	17686102
21	10808	10809	rs118112879	rs74918102	17686610	17687539
21	10813	10814	rs963519	rs239070	17693665	17693951
21	10815	10816	rs239075	rs239018	17696707	17699026
21	10819	10826	rs239019	rs239028	17699639	17707732
21	10830	10832	rs376000106	rs184550207	17725600	17725610
21	10834	10836	rs240496	rs2849869	17727022	17729193
21	10838	10844	rs429601	rs9974512	17732985	17737363
21	10846	10887	rs427761	rs9979218	17743053	17750912
21	10888	10969	rs240462	rs35567924	17752828	17773243
21	10974	10975	rs1074741	rs240490	17774836	17774908
21	10976	11117	rs1900938	rs9974230	17775056	17821399
21	11118	11129	rs2823811	rs67140471	17823641	17828003
21	11137	11353	rs9980149	rs3803998	17832380	17958849
21	11355	11359	rs2823902	rs80178693	17971373	17988121
21	11360	11381	rs1987394	rs2211985	17994099	18001708
21	11382	11423	rs9979135	rs9647079	18002385	18011284
21	11425	11594	rs9647080	rs975530	18011447	18049540
21	11596	11598	rs2823968	rs187459334	18050085	18050204
21	11599	11601	rs79825259	rs2823970	18050281	18050305
21	11603	11606	rs6517708	rs34558736	18050542	18052483
21	11608	11696	rs374715449	rs373221278	18053301	18095526
21	11700	11909	rs35526923	rs2896854	18097281	18193116
21	11911	11979	rs11910170	rs2223071	18194592	18220019
21	11980	11982	rs2824094	rs2824095	18220129	18220451
21	11985	12114	rs2150377	rs113284219	18222860	18270296
21	12115	12116	rs67862992	rs151259353	18270570	18270771
21	12118	12151	rs388991	rs7277906	18271072	18283295
21	12153	12181	rs9974709	rs572506283	18284420	18289429
21	12183	12365	rs77229932	rs9975435	18290270	18346835
21	12367	12374	rs12626832	rs7275813	18347504	18353699
21	12375	12408	rs73193478	rs2824164	18356323	18371006
21	12410	12514	rs1740260	rs4818312	18372769	18414557
21	12515	12657	rs8130812	rs2824226	18414775	18457828
21	12662	12663	rs73200834	rs2824227	18461180	18461216
21	12664	12717	rs2223079	rs7282824	18461843	18483549
21	12718	12728	rs7279200	rs2824236	18484378	18490867
21	12729	12736	rs2824237	rs12483343	18491974	18497021
21	12738	12921	rs12483300	rs2096564	18497047	18556451
21	12923	13114	rs74484264	rs175873	18557355	18621037
21	13115	13139	rs169376	rs189947	18621255	18634770
21	13143	13368	rs73203261	rs62242885	18639615	18707613
21	13370	13371	rs2824277	rs116081	18709453	18709706
21	13372	13411	rs55694600	rs11911751	18709794	18729389
21	13413	13426	rs7280074	rs2051352	18730245	18734307
21	13427	13511	rs62240003	rs13051956	18734349	18764525
21	13513	13533	rs2824286	rs2824287	18766325	18777665
21	13534	13574	rs141023288	rs55828707	18779618	18795391
21	13576	13590	rs208918	rs208929	18797279	18801104
21	13592	13596	rs208932	rs208935	18801614	18801931
21	13597	13598	rs7281024	rs7364035	18802041	18802144
21	13600	13602	rs733951	rs4816756	18802848	18803231
21	13605	13644	rs2846866	rs17693038	18805601	18820372
21	13646	13650	rs17754807	rs2824311	18821866	18822262
21	13652	13658	rs112650045	rs76938490	18823024	18823644
21	13664	13675	rs2824313	rs75644348	18825200	18829267
21	13679	13702	rs2824318	rs11702298	18830470	18836546
21	13703	13722	rs2824324	rs77051774	18836954	18843591
21	13723	13724	rs374311956	rs928247	18843823	18844860
21	13725	13791	rs56007464	rs3133058	18848856	18878911
21	13792	13798	rs73199446	rs2849890	18878932	18885898
21	13800	13802	rs8129365	rs7279313	18887201	18887601
21	13805	13825	rs2849892	rs62239877	18892664	18903657
21	13827	13966	rs211972	rs211959	18904501	18950462
21	13968	13969	rs2737882	rs211961	18951008	18951018
21	13971	13973	rs145732391	rs62239946	18951728	18952575
21	13977	13996	rs2824376	rs9974720	18958316	18982629
21	13997	14107	rs75509652	rs8129553	18986062	19037249
21	14108	14109	rs11702528	rs35963263	19038087	19039131
21	14114	14160	rs2824431	rs77016280	19040421	19053926
21	14164	14165	rs57732730	rs56757774	19054955	19054957
21	14167	14215	rs4818368	rs2897191	19055047	19065890
21	14217	14384	rs1967925	rs2824462	19066534	19102385
21	14385	14414	rs2032289	rs243578	19105345	19131877
21	14419	14422	rs28483951	rs2824482	19134765	19136114
21	14424	14426	rs1686639	rs9976048	19138537	19138570
21	14427	14430	rs149974548	rs112044421	19138578	19138608
21	14431	14453	rs2824483	rs243583	19139775	19150803
21	14454	14455	rs243584	rs243585	19151566	19151940
21	14457	14541	rs12483710	rs59741394	19153743	19194700
21	14544	14666	rs243558	rs17768396	19196132	19253526
21	14669	14670	rs2824531	rs11088658	19254879	19254952
21	14671	14681	rs2824532	rs77142460	19255670	19259480
21	14682	14927	rs9305828	rs197545	19259549	19331377
21	14931	14986	rs962868	rs197573	19332797	19347180
21	14987	14990	rs158611	rs13052498	19347423	19348080
21	14991	14995	rs117216	rs2591643	19348269	19349773
21	14996	15137	rs197577	rs2824605	19349775	19398424
21	15139	15173	rs197512	rs1394739	19400142	19413137
21	15176	15189	rs158041	rs209278	19415652	19421860
21	15190	15218	rs3097170	rs169610	19422865	19432279
21	15219	15356	rs154737	rs982274	19432443	19479731
21	15360	15370	rs4818402	rs735547	19481155	19481959
21	15371	15407	rs2406167	rs205666	19482907	19493217
21	15408	15412	rs6517796	rs1491786	19493598	19494020
21	15414	15451	rs2824639	rs73200976	19494749	19505571
21	15453	15516	rs2824646	rs2824665	19506651	19529714
21	15520	15574	rs9983581	rs2178915	19532196	19548232
21	15577	15581	rs2824681	rs8127764	19550198	19550782
21	15582	15585	rs2824684	rs2824686	19551284	19551723
21	15586	15612	rs78711553	rs2824695	19551756	19559058
21	15614	15630	rs9647200	rs73316219	19560688	19565821
21	15634	15637	rs2824704	rs150393844	19568486	19568911
21	15638	15639	rs190981438	rs146223426	19569547	19569644
21	15640	15642	rs8134103	rs9979829	19569713	19570215
21	15643	15700	rs8133890	rs9984040	19570607	19602578
21	15701	15723	rs28667141	rs9982813	19604547	19614469
21	15724	15726	rs60696598	rs9982543	19615778	19623705
21	15727	15843	rs9975042	rs997087	19624240	19664971
21	15844	15848	rs55901415	rs73210239	19665104	19665946
21	15850	15852	rs6517807	rs1540000	19666526	19666901
21	15854	15908	rs13047771	rs58276255	19667126	19682833
21	15913	15919	rs28637313	rs117647996	19684076	19686233
21	15925	15927	rs76487230	rs60764030	19687783	19687806
21	15930	15932	rs57837813	rs2824734	19688786	19689161
21	15934	15997	rs553479198	rs13050848	19690218	19712441
21	15998	16037	rs2824751	rs370259299	19713821	19722374
21	16041	16045	rs9978650	rs17699052	19723055	19725419
21	16046	16123	rs2824763	rs2824805	19726465	19770734
21	16124	16137	rs2824806	rs7276893	19771250	19781300
21	16138	16255	rs545165600	rs6517815	19781541	19819016
21	16259	16300	rs78694102	rs978423	19821017	19842615
21	16301	16333	rs978424	rs2824852	19842798	19865062
21	16334	16336	rs2824853	rs1735794	19865281	19866854
21	16337	16468	rs2251831	rs2824902	19867504	19898164
21	16469	16523	rs1740179	rs1630912	19899801	19924896
21	16524	16546	rs1740197	rs2205486	19925224	19930109
21	16547	16548	rs1735769	rs2205487	19930173	19930184
21	16549	16858	rs2205488	rs6517826	19930994	20058598
21	16862	17183	rs17701272	rs11700460	20059686	20122792
21	17184	17239	rs9980561	rs8128604	20123283	20128840
21	17240	17267	rs8129956	rs1475894	20129116	20138944
21	17269	17453	rs6517832	rs73212451	20139418	20197299
21	17454	17455	rs9305881	rs2825173	20197405	20197975
21	17458	17469	rs2825176	rs201092491	20199596	20201941
21	17471	17729	rs2825180	rs9637060	20202332	20250104
21	17730	17731	rs67837347	rs2406611	20250497	20250516
21	17733	17770	rs8132870	rs8134727	20251028	20270394
21	17771	17780	rs62217186	rs2825226	20272016	20282174
21	17785	17924	rs431099	rs2825232	20284946	20324954
21	17926	18024	rs460871	rs2825253	20325223	20357404
21	18026	18028	rs75744194	rs4487175	20358771	20359181
21	18029	18181	rs4425176	rs57911148	20359427	20403529
21	18182	18183	rs9978150	rs2825293	20403783	20404000
21	18184	18186	rs2825294	rs9983543	20404094	20404200
21	18187	18188	rs2825295	rs2825296	20404237	20404917
21	18190	18191	rs2825298	rs11088714	20406410	20406412
21	18193	18197	rs7276718	rs2056889	20407289	20407621
21	18198	18199	rs2825303	rs9978965	20407698	20407792
21	18205	18210	rs9976763	rs59996114	20408978	20409607
21	18212	19005	rs141523245	rs2051367	20409763	20661300
21	19006	19024	rs2051368	rs2096797	20661329	20671384
21	19025	19086	rs1012196	rs13049852	20675783	20701702
21	19087	19088	rs1961443	rs856172	20702284	20702296
21	19089	19090	rs60812292	rs80084601	20702474	20702644
21	19092	19095	rs8130172	rs8130330	20703610	20703722
21	19096	19136	rs856168	rs2825531	20704482	20722633
21	19137	19138	rs73212240	rs2825532	20723395	20723448
21	19140	19366	rs856164	rs2825590	20724483	20828514
21	19367	19438	rs7278803	rs4818454	20829899	20857048
21	19439	19450	rs6517875	rs4818456	20858493	20865555
21	19451	19519	rs9305911	rs2825626	20865903	20892490
21	19520	19538	rs450620	rs928251	20894076	20898278
21	19541	19557	rs191966	rs128365	20901020	20912022
21	19558	19574	rs2825630	rs9979010	20913270	20919364
21	19575	19576	rs55963238	rs190056	20919365	20919481
21	19577	19580	rs1985280	rs1489730	20920025	20921047
21	19581	19592	rs9981920	rs116305105	20921066	20922716
21	19593	19659	rs2220513	rs8128238	20923098	20936960
21	19661	19671	rs8132030	rs2825649	20937288	20938669
21	19673	19708	rs9974175	rs2186378	20940575	20946119
21	19709	19724	rs2825660	rs73318470	20952171	20960463
21	19727	19731	rs68101452	rs2825666	20961204	20961972
21	19732	19733	rs12329715	rs75870129	20962397	20962465
21	19734	19891	rs8133325	rs2825706	20963920	21019083
21	19892	19895	rs2825707	rs62210649	21020368	21021968
21	19896	19900	rs62210650	rs2825713	21022168	21023831
21	19902	19932	rs9982280	rs10854436	21024262	21037944
21	19933	19995	rs2211906	rs13051912	21039328	21056016
21	19996	19998	rs11088750	rs35482899	21056158	21056234
21	19999	20004	rs2825741	rs7276620	21056376	21057026
21	20008	20119	rs11088751	rs73203751	21057717	21087755
21	20123	20316	rs218324	rs78573190	21089026	21167257
21	20318	20464	rs1888412	rs12626558	21168116	21206029
21	20465	20466	rs2825856	rs2825857	21206661	21206794
21	20467	20468	rs62224374	rs12172913	21207935	21208597
21	20470	20471	rs2825859	rs7279545	21210527	21210548
21	20472	20608	rs7279572	rs34515283	21210594	21272051
21	20609	20614	rs8128975	rs2298514	21272447	21272915
21	20615	20910	rs7278351	rs113004809	21273537	21386906
21	20914	20946	rs56849203	rs2825957	21387930	21395574
21	20948	21005	rs182703967	rs7279915	21396879	21425894
21	21009	21010	rs2825977	rs4358213	21426885	21426893
21	21011	21359	rs12106459	rs1552465	21428478	21599639
21	21360	21362	rs2247616	rs73329009	21600020	21601838
21	21363	21365	rs1487940	rs13049755	21603284	21603942
21	21366	21422	rs111527145	rs2826117	21609036	21640478
21	21423	21424	rs62221277	rs1977938	21641575	21641735
21	21427	21428	rs2826119	rs2826120	21643854	21643859
21	21434	21435	rs200284857	rs111549581	21646881	21646916
21	21437	21749	rs73211434	rs965902	21647395	21720145
21	21752	21791	rs1487938	rs34799569	21723458	21737513
21	21792	21793	rs67733363	rs13046101	21737675	21737921
21	21794	21828	rs9980249	rs2826219	21738428	21744888
21	21831	21868	rs12481938	rs2826221	21746231	21761586
21	21870	21871	rs2826222	rs2142423	21762443	21762521
21	21872	21899	rs2826223	rs13049466	21762918	21774440
21	21902	21906	rs8126989	rs1888414	21775824	21777730
21	21907	21912	rs10211917	rs7281411	21777998	21779502
21	21913	21914	rs4818568	rs59232446	21780178	21780955
21	21915	21948	rs2407727	rs13046894	21781915	21798763
21	21949	21950	rs7275794	rs7279335	21799739	21799765
21	21954	21968	rs2826252	rs28571658	21800906	21804781
21	21970	22062	rs1786353	rs1786351	21806008	21815581
21	22064	22065	rs57698868	rs13052452	21815948	21815968
21	22070	22073	rs1735886	rs2826257	21816786	21816934
21	22074	22088	rs2826258	rs61280705	21817381	21819509
21	22090	22603	rs1618905	rs13047362	21820722	21879828
21	22605	22606	rs8126597	rs6517970	21880086	21880158
21	22609	22628	rs4629249	rs928859	21880589	21886218
21	22629	22771	rs2826342	rs531584457	21889120	21908390
21	22772	22865	rs2407737	rs80010504	21908397	21924046
21	22868	22870	rs2826387	rs2826389	21925873	21926377
21	22871	22929	rs115021127	rs9976622	21926853	21954062
21	22930	22974	rs56201946	rs76321333	21955255	21975834
21	22975	22981	rs7279931	rs4818574	21975848	21977821
21	22982	22999	rs12329722	rs1600899	21977924	21983394
21	23000	23002	rs58131298	rs1580385	21983411	21983931
21	23003	23038	rs229387	rs1351600	21984175	21991885
21	23040	23068	rs229408	rs229433	21992986	22005665
21	23069	23100	rs229440	rs172963	22008568	22021377
21	23101	23104	rs2128346	rs1556307	22022270	22022867
21	23106	23386	rs2826414	rs114369789	22024591	22072161
21	23388	23389	rs8127915	rs8129001	22073572	22073607
21	23390	23392	rs8129266	rs12481776	22073757	22073809
21	23393	23394	rs60210880	rs59217282	22074318	22074639
21	23395	23403	rs11910513	rs117481928	22075169	22077821
21	23404	23405	rs229368	rs229369	22078117	22078587
21	23407	23408	rs73230817	rs76435929	22079335	22079341
21	23409	23411	rs61569053	rs13049084	22079523	22080292
21	23412	23457	rs2826486	rs4816831	22080851	22100610
21	23459	23733	rs12329689	rs78683046	22101926	22160545
21	23734	23737	rs10460683	rs11908819	22160702	22162326
21	23738	23766	rs2826520	rs8126602	22162833	22179707
21	23769	23775	rs11910376	rs1999294	22181904	22184972
21	23776	23829	rs2826527	rs73895050	22186040	22197221
21	23833	24030	rs9637120	rs2826599	22200200	22270582
21	24033	24309	rs2826601	rs73228125	22271649	22366388
21	24316	24401	rs8184921	rs62208967	22372723	22408742
21	24402	24539	rs62208999	rs62207599	22411431	22452678
21	24544	24546	rs9984695	rs8132432	22454308	22454364
21	24547	24625	rs13052170	rs8131385	22455046	22483561
21	24628	24656	rs2251296	rs2039256	22486574	22498456
21	24658	24659	rs13052437	rs1015074	22499765	22499905
21	24660	24663	rs115090797	rs2826666	22500564	22501716
21	24665	24747	rs2826667	rs12152109	22502404	22522589
21	24750	24842	rs2826713	rs2245802	22529691	22595736
21	24843	24864	rs2826738	rs55858027	22596219	22614562
21	24865	25344	rs201214001	rs77255613	22614573	22809828
21	25346	25360	rs7278024	rs73214492	22809898	22813817
21	25363	25501	rs2826843	rs233765	22815080	22859250
21	25502	25503	rs2826860	rs2826861	22859325	22859922
21	25504	25506	rs75249304	rs12483671	22862699	22864581
21	25507	25558	rs12483545	rs115462216	22864921	22882926
21	25560	25562	rs233783	rs80099050	22883278	22883347
21	25568	25598	rs233788	rs233800	22884233	22896253
21	25603	25967	rs4346469	rs1888416	22898455	23027930
21	25969	25977	rs2826935	rs11088872	23028478	23033104
21	25978	25983	rs9306019	rs77067815	23033302	23041067
21	25984	26137	rs2826939	rs1735954	23042508	23108793
21	26140	26141	rs1735956	rs9306023	23109591	23109608
21	26144	26169	rs2826976	rs1783414	23110330	23120771
21	26170	26172	rs994676	rs1783416	23122074	23122347
21	26174	26291	rs2826984	rs56234238	23123156	23148118
21	26292	26596	rs35345244	rs1783393	23149017	23250041
21	26597	26604	rs4818644	rs2827108	23251216	23254350
21	26606	26637	rs9975233	rs80307337	23257600	23271104
21	26639	26640	rs9974920	rs7283644	23271671	23271733
21	26646	26664	rs7283173	rs12626350	23272525	23275528
21	26665	26666	rs55700955	rs56041338	23275634	23275681
21	26670	26738	rs1892781	rs991225	23277448	23299361
21	26740	26764	rs13053128	rs34483060	23300621	23315616
21	26765	26775	rs2827145	rs2154721	23315891	23320123
21	26776	26779	rs2827147	rs2827148	23321380	23321572
21	26780	26781	rs2827149	rs8128017	23321646	23321717
21	26787	26851	rs7282826	rs28493422	23324584	23350481
21	26853	26920	rs2827170	rs7364072	23351162	23362674
21	26921	26946	rs9974919	rs6518128	23363841	23372112
21	26949	27023	rs2827213	rs28504089	23394517	23501565
21	27026	27116	rs9975819	rs73222174	23505563	23558497
21	27117	27122	rs28541717	rs2827272	23559881	23561359
21	27123	27255	rs2000551	rs73895386	23562374	23630671
21	27256	27258	rs9637148	rs62210127	23630748	23631005
21	27262	27265	rs1034334	rs1029246	23633809	23634986
21	27266	27276	rs1029245	rs75190562	23635039	23639865
21	27277	27280	rs9977823	rs2827318	23640122	23641406
21	27281	27293	rs2827319	rs13051596	23641630	23644377
21	27295	27620	rs142299812	rs62210376	23644716	23739119
21	27621	27682	rs1571657	rs35586906	23740721	23762872
21	27684	27793	rs12481850	rs1015634	23764495	23821101
21	27794	27795	rs2827530	rs2155605	23821734	23822004
21	27796	27840	rs11911091	rs62210438	23823896	23844415
21	27841	27863	rs7278532	rs9978353	23845452	23862259
21	27864	27872	rs9981852	rs8132502	23863887	23872656
21	27873	28088	rs78343147	rs1405764	23872845	23947059
21	28089	28096	rs1405763	rs13051666	23947575	23950544
21	28098	28132	rs11702013	rs1918387	23951431	23964463
21	28135	28170	rs8131381	rs9977079	23965760	23984025
21	28173	28174	rs9977882	rs12482419	23986788	23987239
21	28176	28215	rs12626803	rs1849583	23988823	24006766
21	28216	28284	rs1849582	rs145784742	24007772	24043724
21	28285	28289	rs7280372	rs762383	24047696	24050128
21	28290	28293	rs35603308	rs4818699	24051362	24053905
21	28295	28337	rs11909431	rs62211036	24056148	24092604
21	28340	28341	rs28517560	rs28366882	24117905	24117906
21	28342	28343	rs28461721	rs28727309	24117920	24117921
21	28344	28349	rs116819038	rs7275749	24118052	24136577
21	28351	28352	rs73235077	rs2827709	24155509	24156934
21	28354	28355	rs8127947	rs8133157	24166774	24166816
21	28356	28362	rs1513738	rs2827710	24166844	24170860
21	28365	28553	rs4522702	rs1349093	24173535	24248766
21	28554	28610	rs243273	rs75559141	24250769	24275656
21	28611	28614	rs78224633	rs11088943	24276398	24277564
21	28616	28617	rs2827765	rs61379553	24278597	24279072
21	28618	28752	rs244147	rs73324140	24281435	24355580
21	28756	29033	rs61307488	rs592929	24356762	24436730
21	29035	29038	rs13047424	rs78158900	24437065	24437958
21	29039	29194	rs6516551	rs13052820	24438037	24476515
21	29196	29210	rs112537280	rs9680233	24477223	24479993
21	29211	29689	rs73328386	rs77942220	24480105	24627629
21	29691	29692	rs768176	rs1380324	24627762	24628113
21	29694	29696	rs2226715	rs754788	24629064	24629276
21	29697	29758	rs575435364	rs7280941	24630028	24663898
21	29760	29902	rs8128601	rs2828061	24665076	24695405
21	29909	30069	rs2828067	rs12483116	24696921	24755222
21	30070	30077	rs9982583	rs60488573	24755953	24761322
21	30078	30107	rs62208163	rs9983494	24762638	24773290
21	30109	30201	rs570322360	rs73895491	24774383	24795388
21	30203	30272	rs112626324	rs8184932	24796115	24808706
21	30273	30275	rs200703	rs200705	24809070	24809444
21	30276	30277	rs73241549	rs1394367	24809574	24809850
21	30278	30279	rs200706	rs2828147	24810187	24810196
21	30280	30398	rs2828148	rs1699994	24810388	24831432
21	30399	30584	rs1354484	rs4816909	24832016	24908392
21	30585	30588	rs4816910	rs2828234	24908690	24909662
21	30589	30693	rs9984595	rs36065282	24910072	24937367
21	30695	30738	rs8127966	rs975447	24937880	24965974
21	30741	30847	rs62220289	rs75185356	24967222	24991495
21	30848	31049	rs204395	rs1514416	24992150	25052229
21	31051	31052	rs72631997	rs72631998	25052753	25052758
21	31053	31054	rs62220361	rs73232610	25053233	25053387
21	31055	31078	rs2828422	rs2828427	25053918	25063840
21	31079	31081	rs149963701	rs7278573	25064190	25064236
21	31083	31134	rs11702288	rs73897494	25065631	25090216
21	31135	31137	rs1514409	rs1514408	25091667	25091717
21	31138	31202	rs2828455	rs117016651	25092482	25106099
21	31207	31381	rs2828481	rs8133421	25107540	25144575
21	31382	31494	rs78201830	rs1995600	25144653	25178145
21	31496	31603	rs150858953	rs34587491	25179102	25219939
21	31604	31606	rs11909549	rs1580951	25220390	25220564
21	31607	31609	rs207542	rs207544	25220667	25220936
21	31610	31678	rs74649724	rs9636553	25221037	25245493
21	31680	31682	rs77779725	rs146871098	25246160	25246316
21	31683	31693	rs9980644	rs2828578	25247908	25253339
21	31694	31740	rs58411952	rs2828632	25258015	25302703
21	31741	31742	rs9974962	rs8131461	25302900	25303030
21	31744	31751	rs8132822	rs2828636	25304662	25307858
21	31753	31776	rs2408822	rs9305207	25310357	25318041
21	31778	31779	rs6516595	rs2156385	25318860	25319963
21	31780	31810	rs9975820	rs2828653	25320396	25330218
21	31812	31813	rs2828654	rs2828655	25333034	25333108
21	31814	31815	rs75928035	rs75165432	25333458	25333463
21	31821	31830	rs2828656	rs72632000	25334642	25336227
21	31831	31837	rs12482110	rs13050039	25336420	25337017
21	31840	31924	rs4816924	rs9979665	25338333	25374845
21	31925	31927	rs7282898	rs2154735	25375620	25376166
21	31928	32160	rs2408824	rs1910642	25376441	25419023
21	32162	32173	rs79892613	rs1910653	25419526	25421537
21	32174	32225	rs1910654	rs2655716	25421713	25429033
21	32226	32791	rs9305210	rs8128213	25429042	25504432
21	32792	32799	rs1783367	rs1783372	25504572	25505164
21	32802	32804	rs1699627	rs1699629	25506453	25506504
21	32805	32807	rs1699630	rs2408838	25506687	25507168
21	32808	33168	rs1910618	rs2134874	25508039	25585640
21	33174	33667	rs1783315	rs2829046	25587445	25779692
21	33671	33743	rs2844308	rs2829078	25781151	25807198
21	33744	33745	rs4816958	rs2829079	25808101	25808194
21	33746	34116	rs76464759	rs77872359	25808751	25899516
21	34117	34119	rs2408970	rs1543761	25899581	25900292
21	34125	34244	rs1024293	rs2154730	25901768	25939428
21	34245	34246	rs113518540	rs8127528	25940721	25940779
21	34248	34308	rs8131639	rs2829186	25941262	25962522
21	34312	34484	rs2829188	rs7275877	25964614	26025388
21	34485	34487	rs2829230	rs2829232	26025716	26026296
21	34488	34497	rs6516627	rs2252966	26027339	26029954
21	34498	34564	rs1034338	rs2298515	26031358	26058373
21	34565	34569	rs2829257	rs80057019	26058659	26060135
21	34570	34577	rs2829260	rs733970	26060908	26063674
21	34578	34718	rs150987102	rs2187292	26063714	26089115
21	34720	34722	rs2829292	rs2829294	26090466	26091601
21	34723	34727	rs73147415	rs2829296	26092323	26094076
21	34728	34997	rs2829297	rs9980514	26094459	26177153
21	34998	34999	rs11087931	rs2829394	26178337	26178417
21	35002	35015	rs2829397	rs984388	26178920	26184237
21	35016	35071	rs2829405	rs9979763	26185336	26203402
21	35072	35074	rs79951850	rs2829429	26203854	26204697
21	35076	35083	rs12481988	rs66843314	26206058	26207910
21	35084	35448	rs9978667	rs2829499	26208238	26364281
21	35449	35450	rs10854289	rs35508706	26364491	26364631
21	35452	35576	rs7278978	rs2829541	26365830	26468200
21	35578	35619	rs4817001	rs2829553	26474599	26507367
21	35621	35639	rs1475846	rs1080028	26509728	26519773
21	35641	35647	rs13052703	rs2829564	26520748	26524456
21	35648	35748	rs12481961	rs7277979	26524510	26564504
21	35750	35908	rs73159524	rs9977253	26564726	26645083
21	35909	35910	rs12626934	rs7280914	26645410	26649312
21	35911	35917	rs77436438	rs2829679	26649444	26662543
21	35919	36136	rs17778442	rs12152052	26662977	26767447
21	36140	36207	rs11910463	rs6516673	26768672	26828810
21	36208	36209	rs12483240	rs2829751	26829777	26829787
21	36210	36316	rs2829752	rs928882	26830041	26885124
21	36318	36627	rs2154470	rs73349931	26887427	27005818
21	36628	36641	rs2019120	rs2409143	27006124	27010736
21	36643	36964	rs4817046	rs28542132	27013139	27177936
21	36965	37241	rs200146490	rs66745228	27177962	27261412
21	37244	37246	rs45533134	rs45490395	27262756	27263403
21	37247	37250	rs2070653	rs375226987	27263593	27265269
21	37251	37267	rs2657505	rs78080702	27265414	27268710
21	37268	37280	rs380417	rs1782978	27272159	27278998
21	37281	37358	rs1783016	rs13046930	27280038	27330859
21	37359	37465	rs2234984	rs3787637	27333349	27371667
21	37466	37494	rs45538740	rs9941877;rs201709250	27373087	27392526
21	37495	37534	rs4816273	rs7279544	27395167	27406198
21	37535	37559	rs59905860	rs2830027	27406735	27425859
21	37560	37628	rs9982732	rs8130594	27426823	27462777
21	37629	37631	rs2830050	rs2830052	27464270	27465597
21	37632	37922	rs77830735	rs457728	27465715	27563004
21	37924	37926	rs455320	rs455889	27564429	27564982
21	37929	38040	rs7275430	rs469490	27566016	27608265
21	38044	38253	rs2830136	rs9981761	27611206	27672391
21	38255	38432	rs34420589	rs75179524	27673968	27743328
21	38433	38444	rs1478101	rs2830193	27743561	27749876
21	38447	38476	rs4425169	rs2830195	27751867	27767685
21	38477	38506	rs374013	rs183407	27769749	27777181
21	38507	38510	rs2830199	rs2830202	27777617	27777846
21	38513	38556	rs113486061	rs60555964	27779544	27794139
21	38561	38583	rs219704	rs150760	27796905	27808458
21	38585	38586	rs2830225	rs150761	27810671	27810723
21	38588	38651	rs183387	rs17002187	27812227	27840793
21	38652	38657	rs9977164	rs2830241	27841289	27845313
21	38660	38661	rs2830243	rs71317470	27845980	27846053
21	38662	38735	rs219648	rs2830261	27846116	27873895
21	38736	38744	rs191996	rs12627243	27874143	27877118
21	38749	38833	rs222973	rs222951	27879069	27915145
21	38836	39213	rs59286515	rs366384	27917644	28024225
21	39215	39505	rs465318	rs7279107	28025273	28094413
21	39510	39519	rs58947988	rs9967959	28096470	28101979
21	39521	39522	rs8127600	rs8127851	28104533	28104547
21	39524	39630	rs2105732	rs59520355	28105817	28145565
21	39632	39670	rs12482499	rs2830515	28146309	28161795
21	39671	39672	rs9981725	rs2830516	28162110	28162357
21	39673	39700	rs2830518	rs2830537	28162577	28169135
21	39701	39825	rs455633	rs6516747	28170786	28207448
21	39827	39828	rs229041	rs2738	28208468	28208904
21	39832	39859	rs229042	rs390955	28210657	28218457
21	39862	40340	rs1475583	rs233585	28220609	28362378
21	40341	40344	rs8128401	rs8129324	28363303	28363426
21	40346	40364	rs73358063	rs2830608	28363865	28369094
21	40365	40432	rs73187830	rs2830624	28369613	28389167
21	40441	40448	rs2830630	rs2830636	28391583	28392101
21	40450	41023	rs2830638	rs992499	28392478	28541630
21	41024	41025	rs9305304	rs9647050	28541902	28541953
21	41026	41028	rs1676549	rs2830742	28543198	28543456
21	41029	41113	rs406069	rs9636577	28543715	28563631
21	41118	41215	rs2830761	rs9976159	28565135	28582897
21	41219	41255	rs2830784	rs928270	28586603	28617720
21	41258	41306	rs13049191	rs2830819	28622043	28631156
21	41307	41308	rs2830821	rs2830822	28631790	28631839
21	41309	41311	rs235925	rs171008	28632360	28632409
21	41312	41547	rs235927	rs239735	28633684	28708838
21	41548	41551	rs1823703	rs1823704	28709184	28710512
21	41555	41557	rs8134995	rs463068	28711560	28711851
21	41568	41573	rs464813	rs433893	28713407	28715181
21	41574	41755	rs78292901	rs12626530	28715493	28758929
21	41756	41797	rs2830899	rs62223496	28759531	28774495
21	41798	41986	rs239677	rs7509986	28774869	28828764
21	41987	42025	rs2212829	rs13050776	28828852	28843598
21	42028	42030	rs2830962	rs2830963	28844948	28846705
21	42031	42163	rs13049864	rs1379661	28846848	28929958
21	42166	42177	rs117928067	rs111413857	28930844	28934439
21	42179	42183	rs9975408	rs11910943	28934872	28936657
21	42187	42711	rs16980789	rs17664799	28938729	29115474
21	42712	42718	rs1367716	rs7275370	29115743	29116797
21	42719	42722	rs1821092	rs16981123	29116938	29117583
21	42723	42746	rs9975288	rs79094897	29117737	29124578
21	42747	42748	rs2195736	rs56049027	29125930	29125931
21	42751	42765	rs1431357	rs190273	29126908	29132738
21	42766	42945	rs243722	rs202176071	29135496	29226164
21	42946	42949	rs9974966	rs4816307	29226682	29227158
21	42950	42951	rs1236363	rs3017539	29227167	29227411
21	42952	43115	rs13047634	rs2156396	29228513	29281379
21	43116	43124	rs2156397	rs4817194	29281389	29284436
21	43125	43126	rs8131650	rs9975542	29284970	29285000
21	43127	43129	rs9978508	rs9977912	29285293	29285383
21	43133	43135	rs55658622	rs9981206	29286253	29286351
21	43138	43139	rs4816312	rs9974342	29289760	29289867
21	43142	43605	rs62210855	rs4817210	29291034	29421893
21	43607	43609	rs139464356	rs3875283	29422445	29422506
21	43612	43690	rs9984437	rs2007503	29423223	29447121
21	43694	43725	rs2831463	rs73395816	29448732	29466319
21	43729	43777	rs8130790	rs9978517	29469449	29479393
21	43779	43780	rs73191456	rs2037987	29480030	29480848
21	43781	43971	rs12483273	rs2831537	29480959	29516376
21	43974	44013	rs1883819	rs2831576	29521741	29537916
21	44015	44019	rs2831582	rs992087	29538605	29540412
21	44021	44029	rs2143686	rs2831609	29543160	29547712
21	44030	44217	rs67742362	rs388422	29549353	29598090
21	44218	44230	rs452763	rs2831671	29601953	29612667
21	44231	44445	rs2831672	rs1236409	29613132	29726864
21	44447	44735	rs1738128	rs2250911	29727547	29803555
21	44739	44740	rs551652362	rs9976567	29804699	29804710
21	44741	44871	rs12482234	rs9982436	29804720	29855210
21	44873	45189	rs9975422	rs2831908	29856789	29955491
21	45190	45203	rs2831909	rs9978336	29955973	29959821
21	45204	45205	rs8131657	rs2831915	29960361	29960373
21	45206	45283	rs2831916	rs9981332	29960728	29990617
21	45287	45306	rs1153258	rs1153266	29992536	30011018
21	45307	45924	rs1153268	rs150562228	30012797	30185050
21	45925	45952	rs10470157	rs2832114	30186681	30205506
21	45953	46855	rs7278148	rs2832271	30206677	30596186
21	46857	46860	rs2832273	rs2251130	30597891	30600776
21	46862	46979	rs546634737	rs79366430	30601826	30766828
21	46980	47032	rs10854324	rs9305397	30777476	30843369
21	47037	47083	rs114373897	rs2832379	30850627	30879756
21	47084	47085	rs2832380	rs9983273	30880034	30880048
21	47086	47100	rs9983614	rs12627279	30880367	30900573
21	47103	47134	rs2832388	rs58052869	30912320	30941444
21	47137	47157	rs9985106	rs363430	30957912	30971183
21	47159	47239	rs2832408	rs363598	30973268	31013159
21	47241	47242	rs363529	rs363528	31014321	31014359
21	47244	47275	rs363526	rs2300311	31014489	31035192
21	47277	47371	rs363519	rs404158	31036831	31118355
21	47376	47379	rs2178865	rs9305402	31128196	31129331
21	47381	47540	rs55953332	rs466884	31129468	31196254
21	47541	47542	rs9980984	rs463954	31196387	31196423
21	47544	47545	rs73186477	rs9983495	31196650	31196773
21	47547	47591	rs383743	rs2254764	31198189	31209454
21	47592	47716	rs464144	rs188132976	31210998	31251320
21	47718	47747	rs464500	rs466093	31252311	31267040
21	47748	47850	rs465900	rs456064	31267808	31296886
21	47851	47904	rs2832484	rs466533	31297409	31330567
21	47905	47910	rs110893	rs457534	31331686	31343659
21	47911	47937	rs2832509	rs2832518	31345504	31371100
21	47938	47972	rs2832520	rs6516942	31373804	31388329
21	47974	48321	rs62210340	rs478474	31390992	31482569
21	48323	48334	rs2832629	rs73355521	31484288	31488290
21	48335	48492	rs116667782	rs478203	31490482	31547989
21	48494	48532	rs1943960	rs12481895	31551591	31578367
21	48533	48537	rs694984	rs686364	31583787	31587793
21	48539	49157	rs2832657	rs2186556	31588676	31753219
21	49164	49548	rs561327743	rs1013389	31754991	31967554
21	49550	49655	rs11910052	rs2154569	31969987	32033429
21	49656	49662	rs2832973	rs59420286	32034536	32037315
21	49663	50057	rs2832976	rs2833086	32037484	32159220
21	50058	50168	rs7277479	rs2833119	32162017	32204347
21	50169	50178	rs5843472	rs2833124	32207832	32214655
21	50181	50182	rs7275199	rs7283316	32216231	32216253
21	50184	50301	rs4817359	rs2226379	32217530	32258219
21	50303	50345	rs2833147	rs9305444	32259814	32287889
21	50351	50352	rs73355087	rs2833160	32289739	32289793
21	50354	50356	rs10483002	rs78792999	32290384	32290467
21	50357	50419	rs115833324	rs9976618	32290761	32303565
21	50420	50427	rs11909690	rs8134605	32303643	32304266
21	50428	50576	rs2211808	rs2833185	32304640	32345622
21	50577	50669	rs8130054	rs28456019	32349090	32401130
21	50671	50768	rs2833196	rs4817380	32402291	32447547
21	50770	50776	rs9978958	rs9976916	32448768	32450350
21	50777	50796	rs61597520	rs13050227	32451675	32457317
21	50797	50811	rs9980482	rs113785770	32458170	32461133
21	50816	50867	rs9305448	rs2833273	32462808	32487977
21	50869	50881	rs113148638	rs2255507	32488969	32495866
21	50883	50886	rs2073373	rs724561	32497632	32497749
21	50887	50943	rs145622203	rs4817383	32498865	32523356
21	50946	50947	rs13048901	rs13049011	32524444	32524500
21	50948	50950	rs9305453	rs723469	32524852	32525345
21	50953	50956	rs78007898	rs2833309	32526758	32527137
21	50960	50970	rs2284474	rs67500730	32540863	32554394
21	50972	51061	rs9984061	rs743317	32556484	32621453
21	51062	51120	rs2833350	rs1977905	32622658	32668006
21	51123	51125	rs2300351	rs1034314	32669881	32670434
21	51127	51249	rs845936	rs9979988	32671149	32724184
21	51250	51252	rs9980015	rs9980047	32724246	32724413
21	51253	51262	rs13046418	rs2243936	32724481	32727161
21	51263	51288	rs16988159	rs579937	32727653	32738354
21	51289	51293	rs2284501	rs546078	32740462	32741383
21	51296	51375	rs569008	rs845687	32743302	32766747
21	51376	51384	rs75422373	rs200313183	32770150	32776809
21	51387	51444	rs2833396	rs13048773	32779828	32794956
21	51445	51464	rs76200936	rs112673199	32798372	32810103
21	51471	51474	rs2284514	rs492322	32811361	32814799
21	51476	51556	rs743415	rs9980438	32816448	32840271
21	51557	51587	rs8130739	rs2833421	32840515	32849560
21	51588	51768	rs114959924	rs62222875	32849811	32924009
21	51773	51980	rs933124	rs56039008	32929804	32994551
21	51981	51983	rs9979630	rs73199584	32994849	32995716
21	51985	52117	rs4817418	rs66751520	32998764	33132402
21	52119	52247	rs204738	rs145870389	33134159	33177039
21	52249	52381	rs12397629	rs8134116	33178617	33231634
21	52384	52446	rs77790727	rs7277651	33233084	33246455
21	52448	52450	rs3787686	rs3787687	33247585	33247735
21	52451	52518	rs61377845	rs11700457	33247974	33273162
21	52524	52663	rs75567074	rs2833572	33275927	33322944
21	52664	52669	rs2833573	rs962267	33323809	33325997
21	52671	52684	rs7275780	rs60148069	33327096	33332589
21	52689	52740	rs77119834	rs12710418	33333621	33353093
21	52741	52746	rs9979499	rs737103	33354147	33355760
21	52747	52765	rs8130638	rs373624386	33356175	33365819
21	52766	52842	rs9978615	rs2833612	33366547	33388531
21	52843	52913	rs11702666	rs11701988	33389386	33419865
21	52914	52916	rs55763891	rs2833623	33420629	33420792
21	52917	52937	rs11909628	rs79322828	33421860	33426562
21	52938	52974	rs6517072	rs8128329	33426886	33435472
21	52978	53000	rs59475484	rs55702013	33437627	33442620
21	53001	53003	rs201654700	rs200451585	33442718	33442720
21	53004	53045	rs58889880	rs2211679	33442906	33455099
21	53046	53067	rs79323515	rs2000452	33455653	33468352
21	53068	53109	rs2833652	rs75701466	33470630	33482065
21	53110	53111	rs78075884	rs78976854	33482117	33482131
21	53114	53136	rs734988	rs2833663	33483827	33495845
21	53138	53200	rs2833664	rs2154424	33496823	33527844
21	53204	53230	rs17560508	rs11700761	33529709	33537853
21	53236	53251	rs9653706	rs2409447	33538558	33545490
21	53252	53544	rs7364070	rs11701194	33546552	33663130
21	53545	53547	rs12482323	rs10854356	33663542	33667566
21	53549	53553	rs4817480	rs10427546	33668024	33669542
21	53557	53558	rs2254251	rs2298361	33671479	33671671
21	53560	53761	rs8130762	rs9979834	33672789	33773245
21	53764	53805	rs73190644	rs76961987	33776117	33785343
21	53807	53813	rs2226289	rs56253570	33787602	33791873
21	53815	54019	rs2255822	rs73353088	33793675	33864952
21	54020	54027	rs8131815	rs2096458	33865014	33867280
21	54029	54041	rs2833854	rs7278523	33869440	33876659
21	54042	54096	rs7279989	rs142397170	33877556	33895491
21	54098	54101	rs73194204	rs2018308	33897487	33898917
21	54102	54112	rs62214683	rs1892655	33899222	33905191
21	54113	54195	rs76795510	rs7277827	33905546	33927932
21	54197	54281	rs2833891	rs2833923	33928821	33962287
21	54282	54283	rs57934789	rs28397651	33962506	33962568
21	54285	54378	rs7284048	rs369682810	33964537	33997658
21	54379	54380	rs701732	rs701733	33997686	33997703
21	54381	54738	rs845014	rs2833993	33997938	34264053
21	54740	54808	rs2833994	rs8133414	34266735	34301635
21	54809	54827	rs112419558	rs56355938	34302571	34310483
21	54829	54836	rs2834017	rs73198446	34314336	34316107
21	54838	54876	rs2834019	rs28445299	34316558	34336375
21	54877	54896	rs9982681	rs7278366	34339333	34348507
21	54897	54933	rs4817506	rs2834051	34348569	34359600
21	54935	55018	rs10048874	rs57841448	34360188	34375690
21	55020	55021	rs4816441	rs4816442	34376120	34376145
21	55026	55028	rs2834062	rs2834063	34377485	34377594
21	55029	55036	rs8129635	rs2226295	34377964	34382282
21	55038	55088	rs2834067	rs144314416	34382987	34403681
21	55092	55097	rs148168238	rs56231743	34405516	34406119
21	55098	55158	rs743309	rs144864589	34407261	34435518
21	55159	55160	rs7275426	rs2834083	34435619	34436973
21	55161	55169	rs6517139	rs80279707	34439206	34446577
21	55171	55258	rs13048654	rs4817533	34449397	34484850
21	55259	55260	rs79349296	rs4817534	34484928	34484978
21	55261	55297	rs13047973	rs2834093	34485912	34500558
21	55298	55301	rs2834094	rs11700745	34501127	34501654
21	55303	55314	rs62226094	rs8132490	34503182	34510766
21	55321	55327	rs4817537	rs11700618	34512979	34513752
21	55328	55411	rs13339950	rs13051531	34514058	34538420
21	55412	55457	rs142751227	rs79046156	34538494	34553389
21	55458	55459	rs2211791	rs2834130	34553685	34553967
21	55460	55519	rs11088240	rs16990298	34554794	34570226
21	55520	55610	rs2834135	rs16990353	34571716	34587897
21	55613	55737	rs35529757	rs1131668	34589039	34634878
21	55739	55745	rs8178430	rs2253868	34635933	34639823
21	55747	55759	rs2507747	rs2510317	34642756	34649941
21	55760	55811	rs2834168	rs735299	34650791	34664590
21	55813	55815	rs7282834	rs1467845	34665654	34666376
21	55816	56051	rs999260	rs2834206	34666390	34742255
21	56053	56086	rs17711780	rs73194058	34744239	34764288
21	56088	56099	rs969478	rs13048153	34766467	34772691
21	56101	56457	rs7277167	rs9808785	34773777	35032205
21	56460	56496	rs3827180	rs2834252	35034472	35085900
21	56498	56589	rs8134301	rs1108000	35090034	35201947
21	56591	56595	rs55781414	rs12483079	35203238	35206028
21	56600	56608	rs4817596	rs2409500	35218517	35221667
21	56609	56610	rs11911181	rs1537098	35223783	35224370
21	56611	56612	rs4817597	rs2249221	35226082	35226135
21	56616	56702	rs9636869	rs7282518	35227484	35255539
21	56704	56706	rs2073370	rs2834288	35260481	35264397
21	56707	56785	rs9984514	rs71326976	35264674	35290207
21	56786	56790	rs11088263	rs78985815	35290790	35291785
21	56791	56949	rs35112803	rs2834316	35292255	35356286
21	56950	56977	rs2834317	rs62226759	35356706	35361668
21	56978	57099	rs7277031	rs1073144	35361764	35405913
21	57100	57101	rs13046024	rs2834356	35406378	35407036
21	57102	57103	rs2834357	rs2834358	35407445	35407481
21	57104	57107	rs7277189	rs2834359	35407607	35407750
21	57109	57138	rs11909697	rs1964981	35409271	35422868
21	57139	57146	rs1573464	rs10470091	35422977	35425083
21	57149	57179	rs35415894	rs79607614	35425944	35446136
21	57181	57438	rs16991166	rs376060907	35448713	35552102
21	57440	57448	rs35868169	rs2070353	35552619	35558330
21	57449	57486	rs2070354	rs143948466	35559059	35572859
21	57487	57489	rs113711600	rs35993871	35573125	35573435
21	57490	57533	rs998385	rs374203433	35575797	35590542
21	57535	57537	rs2834412	rs55706246	35592798	35595637
21	57538	57648	rs6517219	rs10470171	35596002	35652644
21	57649	57650	rs2009879	rs762158	35653304	35653670
21	57652	57703	rs743339	rs4817640	35655217	35681842
21	57704	57741	rs9978092	rs7283093	35682044	35701520
21	57743	57790	rs2834451	rs4817645	35703719	35724134
21	57791	57792	rs75137323	rs8129632	35724717	35724739
21	57793	57794	rs6517226	rs8131118	35725299	35725301
21	57798	57818	rs2834465	rs41260744	35726754	35736384
21	57819	57830	rs4817649	rs11700409	35736946	35739110
21	57831	57850	rs9985125	rs61740755	35739146	35772977
21	57851	57916	rs61746786	rs2834481	35773137	35795370
21	57917	57960	rs9305549	rs2070357	35797169	35821419
21	57961	57962	rs1805127	rs2236608	35821821	35822041
21	57963	57965	rs35811057	rs2070358	35822110	35822270
21	57970	58048	rs928740	rs4817658	35823998	35847214
21	58049	58100	rs75877036	rs76272713	35847890	35861241
21	58102	58176	rs11088286	rs2243659	35863331	35898620
21	58178	58449	rs8133540	rs1984304	35899876	35939305
21	58455	58542	rs9636883	rs2300389	35941558	35969272
21	58543	58649	rs2300390	rs6517248	35969515	36001603
21	58650	58653	rs9983271	rs11700438	36002257	36003051
21	58654	58665	rs7279226	rs2070439	36003218	36011213
21	58668	58742	rs59971892	rs11088293	36012561	36055196
21	58743	58749	rs7281040	rs2236610	36056401	36060668
21	58750	58798	rs2834580	rs9981280	36061191	36092730
21	58800	58802	rs2834604	rs2186286	36093062	36096613
21	58803	58851	rs9974620	rs58251728	36097794	36124712
21	58853	58854	rs1981391	rs2834628	36125530	36125597
21	58856	58866	rs2834630	rs8127332	36126639	36131274
21	58867	58900	rs1892665	rs2834644	36132492	36186747
21	58901	58902	rs2834645	rs2253313	36187686	36187900
21	58904	58912	rs7280608	rs2246738	36188488	36203846
21	58916	58947	rs68088846	rs60855390	36208167	36223234
21	58948	58951	rs968625	rs2284616	36223627	36223906
21	58952	58953	rs12483501	rs111449846	36224276	36224315
21	58956	58957	rs8127581	rs2834651	36227745	36228360
21	58958	58962	rs2834652	rs2834653	36229637	36231159
21	58965	58974	rs2248734	rs9979015	36232482	36235568
21	58977	58978	rs2268289	rs2268290	36236443	36236516
21	58979	58983	rs11088296	rs2834655	36237546	36238507
21	58986	58988	rs2268292	rs2268294	36243108	36243258
21	58991	59056	rs2300395	rs7364037	36245198	36276892
21	59062	59086	rs2834671	rs2051392	36281630	36298914
21	59088	59130	rs2248313	rs2834701	36301438	36337654
21	59134	59135	rs58144960	rs7278199	36339522	36339532
21	59136	59158	rs2834702	rs72613618	36340396	36352840
21	59160	59205	rs2834714	rs59390681	36357352	36367089
21	59207	59220	rs34841406	rs13046934	36368365	36371207
21	59221	59226	rs13051552	rs11700942	36372118	36375594
21	59227	59246	rs59293947	rs7281510	36375750	36382460
21	59250	59257	rs9976900	rs882776	36384363	36388287
21	59258	59278	rs2834733	rs2294163	36389603	36407390
21	59280	59282	rs2834739	rs2236431	36408913	36413739
21	59286	59293	rs57155399	rs8133634	36418156	36421036
21	59294	59364	rs56045941	rs2834757	36421331	36467070
21	59365	59408	rs1006294	rs2834771	36467891	36482059
21	59411	59465	rs117683963	rs13052809	36482953	36508599
21	59466	59486	rs9974444	rs12626430	36510444	36522993
21	59488	59490	rs2834805	rs2017243	36524938	36526390
21	59491	59547	rs4817703	rs2834818	36527100	36543616
21	59550	59587	rs77117748	rs4817705	36544132	36559769
21	59588	59590	rs2834823	rs2834824	36560667	36561074
21	59592	59694	rs12483023	rs62217045	36561598	36597209
21	59695	59701	rs17264233	rs2834854	36597488	36600308
21	59702	59704	rs113393734	rs76498878	36600490	36601856
21	59705	59790	rs6517286	rs2091858	36601960	36649786
21	59791	59898	rs55869152	rs2834902	36650244	36688528
21	59903	59986	rs13048344	rs8129061	36690392	36742202
21	59987	59989	rs56897391	rs9968005	36743730	36744959
21	59990	59995	rs2242725	rs34598315	36746014	36749117
21	59996	60114	rs13052531	rs41513350	36749232	36818747
21	60117	60120	rs2243337	rs2834935	36820715	36821199
21	60122	60143	rs9981470	rs2834941	36822544	36841246
21	60146	60189	rs2242746	rs2834950	36844672	36881395
21	60190	60193	rs9984655	rs6517296	36881431	36882228
21	60194	60196	rs1003261	rs1003262	36883073	36883135
21	60198	60260	rs58651	rs119240	36886738	36901070
21	60261	60685	rs1734900	rs2242764	36903654	37058879
21	60686	60688	rs11088325	rs1537101	37058995	37059511
21	60689	60690	rs2242766	rs9983349	37059701	37059706
21	60691	60843	rs2835086	rs13047820	37060294	37138824
21	60846	60984	rs62229082	rs6517312	37145799	37277069
21	60985	61036	rs2845716	rs7276050	37277424	37306629
21	61042	61081	rs80054780	rs2409734	37309692	37318087
21	61082	61303	rs8134354	rs73198893	37318662	37376544
21	61308	61512	rs61737686	rs2850073	37377685	37467574
21	61513	61546	rs2850074	rs9978576	37467978	37476359
21	61548	61549	rs4817772	rs4817773	37476975	37477099
21	61551	61557	rs1124086	rs6517329	37477746	37481477
21	61558	61746	rs2009849	rs9983855	37482269	37548110
21	61752	61899	rs34043269	rs2284631	37549889	37597681
21	61903	61904	rs13046850	rs7279315	37599655	37599659
21	61909	61921	rs9981029	rs34807968	37600390	37606251
21	61922	61923	rs6517340	rs7280062	37606426	37606670
21	61924	62018	rs117833633	rs2284640	37607741	37644168
21	62019	62104	rs62232377	rs9978899	37645096	37667969
21	62105	62106	rs12626938	rs12627071	37670029	37670146
21	62108	62109	rs8130517	rs28385572	37670457	37670697
21	62110	62111	rs8134244	rs113472216	37670758	37670777
21	62112	62124	rs11702495	rs8132672	37670979	37675683
21	62127	62131	rs556545938	rs9305583	37676142	37676443
21	62134	62138	rs56250126	rs9789904	37678650	37679671
21	62140	62257	rs181596491	rs35951064	37681719	37795292
21	62260	62262	rs218637	rs172638	37799800	37800620
21	62263	62429	rs218638	rs60727080	37800740	37827174
21	62430	62433	rs7280011	rs2409817	37827554	37827708
21	62435	62436	rs2409818	rs219792	37827846	37827871
21	62437	62441	rs219791	rs219787	37828558	37829508
21	62442	62464	rs2850087	rs12626330	37830005	37835982
21	62465	62466	rs219767	rs219766	37836378	37836477
21	62467	62480	rs219765	rs219756	37836711	37842468
21	62481	62483	rs35303583	rs219755	37843520	37847170
21	62484	62485	rs219754	rs219753	37847341	37847375
21	62486	62533	rs219752	rs114872540	37847489	37858540
21	62536	62557	rs219737	rs184320	37859660	37864471
21	62558	62561	rs549054564	rs2835365	37864486	37865339
21	62562	62576	rs35030913	rs58192378	37865447	37868817
21	62579	62580	rs730265	rs743425	37871886	37872004
21	62584	62651	rs7276934	rs2835379	37872250	37893365
21	62653	62938	rs9978278	rs380723	37894721	37995539
21	62939	62940	rs2835405	rs7280635	37996045	37996433
21	62946	63072	rs2091854	rs62222811	37999053	38033756
21	63073	63085	rs8127136	rs8132974	38034172	38040461
21	63090	63091	rs2835423	rs2835424	38042424	38042539
21	63092	63150	rs4817813	rs2269188	38043108	38072356
21	63151	63153	rs2845801	rs34907269	38072772	38073695
21	63160	63199	rs79727496	rs2835447	38074944	38090161
21	63202	63203	rs732638	rs13050963	38091531	38091643
21	63204	63205	rs2070650	rs79727992	38092039	38092072
21	63207	63215	rs2246739	rs2854046	38093071	38099214
21	63216	63222	rs2250702	rs7281117	38103630	38107306
21	63227	63230	rs13049561;rs375774822	rs75697022	38109096	38109680
21	63231	63234	rs11701520	rs9974795	38109994	38112220
21	63235	63250	rs9977504	rs560823186	38112781	38121884
21	63253	63254	rs14407	rs12481800	38123925	38127626
21	63257	63260	rs2845804	rs3787741	38129122	38129772
21	63261	63311	rs79912201	rs13049750	38129906	38153073
21	63316	63336	rs73210796	rs73212605	38154421	38162012
21	63338	63385	rs9977713	rs1041832	38162514	38183129
21	63386	63473	rs1984020	rs2835493	38184059	38221333
21	63475	63610	rs2835495	rs2845810	38224537	38284097
21	63611	63623	rs2835531	rs2850118	38286918	38295535
21	63624	63845	rs11909766	rs8126776	38296002	38356011
21	63846	63847	rs8126800	rs391554	38356061	38356085
21	63849	63932	rs2843961	rs2845830	38356837	38377507
21	63933	64025	rs117590420	rs138448036	38378914	38407745
21	64028	64088	rs28373997	rs75587422	38409436	38430516
21	64089	64090	rs114404434	rs16994699	38431019	38431184
21	64092	64530	rs1235345	rs2835690	38432325	38667313
21	64531	64536	rs11701507	rs8134237	38667835	38669480
21	64537	64543	rs13046689	rs7283608	38670143	38670882
21	64545	64636	rs1013742	rs2026262	38673284	38709544
21	64637	64638	rs7276786	rs7281278	38710546	38710631
21	64640	64641	rs2007547	rs1004471	38711180	38711202
21	64642	64647	rs13051737	rs7278145	38711704	38714185
21	64648	64649	rs62223909	rs62223910	38714871	38714984
21	64650	64903	rs59956749	rs7280075	38715028	38899442
21	64904	64972	rs34300709	rs7278712	38900513	38926785
21	64973	65034	rs34271447	rs58537234	38929958	38960217
21	65035	65038	rs111833124	rs113356869	38961818	38961924
21	65039	65079	rs4621242	rs4817875	38962154	38969670
21	65082	65126	rs28384103	rs9974136	38970340	38984964
21	65127	65128	rs13046760	rs73220479	38985312	38985633
21	65129	65478	rs58805572	rs73907310	38985649	39088055
21	65480	65483	rs117661466	rs138016015	39089652	39089693
21	65484	65485	rs76468391	rs80298356	39089738	39089816
21	65486	65599	rs711996	rs2835938	39090431	39126336
21	65601	65602	rs62224366	rs62224367	39129154	39129158
21	65604	65638	rs2850125	rs140120735	39130114	39147247
21	65639	65642	rs80077091	rs9305625	39148003	39149522
21	65644	65691	rs858044	rs554709231	39151651	39181778
21	65692	65694	rs9984701	rs2835977	39181784	39182197
21	65695	65696	rs2835978	rs2835979	39182477	39182582
21	65697	65741	rs2835980	rs2835992	39182670	39197558
21	65742	65762	rs2154556	rs2836005	39198887	39205735
21	65763	65764	rs35703955	rs991984	39205889	39206100
21	65766	65825	rs2836006	rs11702092	39206756	39226774
21	65827	65828	rs7284047	rs3827199	39227575	39227602
21	65830	65893	rs4816583	rs3787862	39229040	39252701
21	65894	65896	rs10775659	rs10775660	39253134	39253518
21	65900	65919	rs4817901	rs60745813	39254973	39261991
21	65920	65947	rs990964	rs4143399	39262065	39282854
21	65952	66004	rs1892683	rs7276004	39286621	39326452
21	66005	66006	rs76833083	rs75730675	39327005	39327906
21	66011	66048	rs71316608	rs73409397	39329623	39343788
21	66049	66085	rs6517444	rs2836081	39344121	39355742
21	66087	66088	rs2836083	rs73208172	39357383	39357394
21	66089	66161	rs62222024	rs2226364	39357533	39379694
21	66165	66268	rs2255450	rs16995764	39382885	39449139
21	66270	66277	rs2836139	rs8131986	39451403	39459318
21	66278	66733	rs147972651	rs17230421	39459525	39697938
21	66735	66742	rs2836308	rs73211971	39698930	39700357
21	66744	66762	rs73211972	rs2000427	39700760	39708730
21	66764	66814	rs2836310	rs2836334	39710461	39724773
21	66816	66834	rs2836335	rs2836338	39726140	39731913
21	66837	66870	rs2836340	rs737382	39733529	39748975
21	66871	66907	rs2836350	rs2836371	39748976	39773528
21	66909	66939	rs2073359	rs8131436	39775084	39789606
21	66941	67003	rs2068966	rs67693162	39791969	39810198
21	67004	67005	rs2836396	rs62217941	39810743	39811162
21	67007	67034	rs8131855	rs2836411	39813085	39819830
21	67035	67051	rs8133240	rs10154182	39820408	39830620
21	67055	67058	rs2836416	rs2186346	39833491	39834330
21	67059	67077	rs2836417	rs2836428	39834792	39844788
21	67078	67134	rs2836429	rs2836443	39845240	39871276
21	67136	67137	rs3787906	rs12626596	39871868	39872643
21	67138	67208	rs2836445	rs2836474	39872696	39902512
21	67210	67364	rs3787914	rs57780472	39903359	39945134
21	67366	67367	rs9974388	rs140397425	39945634	39945674
21	67368	67410	rs2836524	rs881837	39945829	39955954
21	67412	67413	rs61428957	rs76186517	39959157	39959161
21	67414	67416	rs73217907	rs73217909	39959179	39959911
21	67418	67508	rs11702876	rs461679	39960483	40012670
21	67510	67697	rs460843	rs62219267	40013059	40073043
21	67698	67700	rs762384	rs733541	40074396	40074700
21	67702	67703	rs35903205	rs2006111	40074905	40075054
21	67704	67718	rs9808747	rs9974911	40075212	40081760
21	67719	67725	rs73440726	rs2836639	40084749	40087169
21	67726	67763	rs13051719	rs10470183	40090207	40105169
21	67765	67778	rs11088440;rs145153114	rs73205542	40106091	40118186
21	67781	67786	rs2836657	rs2836659	40119768	40122021
21	67788	67814	rs11702843	rs2836673	40123740	40133710
21	67816	67899	rs8127960	rs11088449	40135684	40185397
21	67900	67904	rs10854389	rs460982	40190620	40192577
21	67906	68059	rs2070529	rs55794838	40194028	40233910
21	68062	68065	rs4816602	rs461522	40234933	40235830
21	68066	68207	rs7510030	rs2000639	40236687	40280522
21	68210	68214	rs2836747	rs9979503	40282556	40283871
21	68215	68222	rs28502431	rs62219887	40285485	40288055
21	68223	68224	rs9982210	rs8132491	40288511	40288577
21	68227	68229	rs8128163	rs8129427	40289130	40289454
21	68230	68232	rs141411644	rs6517487	40289619	40289888
21	68233	68318	rs8133137	rs2836765	40290503	40305866
21	68320	68342	rs79810798	rs2836773	40307746	40316451
21	68345	68347	rs2836776	rs75149843	40318829	40319260
21	68350	68456	rs9981584	rs2256227	40319856	40352557
21	68459	68514	rs8126897	rs732340	40354041	40363690
21	68515	68519	rs732339	rs2410077	40363878	40364245
21	68520	68521	rs79902787	rs11702736	40364553	40364604
21	68522	68533	rs2836814	rs77633273	40364655	40368041
21	68534	68579	rs2410078	rs11701075	40369030	40380383
21	68580	68582	rs11910293	rs2836825	40380782	40380977
21	68584	68588	rs17285812	rs2836826	40382167	40382624
21	68591	68600	rs35823145	rs2836834	40383642	40387484
21	68604	68661	rs4572680	rs1888483	40389234	40401698
21	68662	68663	rs13049349	rs74695560	40402668	40402761
21	68665	68671	rs2242931	rs13050893	40403595	40407051
21	68673	68697	rs56283994	rs8127476	40407661	40416075
21	68699	68727	rs914155	rs8130107	40417703	40425579
21	68729	68783	rs999790	rs2836875	40426768	40451612
21	68785	68786	rs12627180	rs8132483	40451833	40451844
21	68789	68797	rs2836877	rs71316663	40452573	40455511
21	68798	68827	rs28756733	rs75659006	40458722	40471978
21	68828	68837	rs724732	rs138185380	40473197	40483414
21	68838	68841	rs77572112	rs1013434	40483769	40484010
21	68843	68926	rs1882772	rs2836907	40484933	40504673
21	68927	68929	rs2836908	rs2836911	40505513	40506049
21	68930	68943	rs4817991	rs2205127	40506060	40510696
21	68945	68948	rs6517511	rs9305665	40511922	40513060
21	68949	69528	rs28399794	rs2249666	40513473	40719241
21	69529	69568	rs34613278	rs3761372	40720494	40743845
21	69572	69577	rs4818032	rs2836995	40747583	40748801
21	69578	69774	rs144116407	rs9981594	40749992	40840604
21	69776	69777	rs78863435	rs9982529	40840854	40840878
21	69779	70008	rs5843967	rs79169281	40841565	40897214
21	70012	70013	rs376635320;rs483318	rs485224	40898844	40899071
21	70015	70383	rs79219884	rs2837096	40899981	40978013
21	70384	70385	rs78905016	rs1734932	40978115	40979551
21	70386	70389	rs60292849	rs28446860	40979926	40980566
21	70392	70394	rs2837097	rs550569	40981260	40981775
21	70395	70461	rs57304019	rs610353	40982016	41019858
21	70462	70466	rs78083988	rs11700998	41019888	41020796
21	70467	70487	rs10854398	rs28421599	41021752	41026963
21	70492	70495	rs559077	rs560928	41028375	41028571
21	70496	70513	rs2222996	rs2837112	41029831	41042699
21	70514	70540	rs9975062	rs1882778	41043005	41058874
21	70542	70561	rs9979149	rs7283219	41061958	41071386
21	70563	70628	rs6517557	rs8127619	41073006	41096818
21	70633	70648	rs4818074	rs2837133	41098802	41105069
21	70649	70655	rs1629066	rs2837135	41105129	41108661
21	70659	70661	rs460528	rs1735141	41111072	41111100
21	70662	70664	rs9636642	rs9636643	41111843	41111875
21	70665	71302	rs113502131	rs8129710	41112826	41225770
21	71303	71319	rs374094982	rs2222993	41226023	41235664
21	71321	71336	rs9983974	rs11910923	41236526	41242192
21	71337	71338	rs58127813	rs73215367	41243473	41243537
21	71339	71378	rs35208560	rs2837268	41243617	41259602
21	71379	71381	rs62235436	rs2837269	41259866	41259941
21	71383	71385	rs2299752	rs2299753	41260234	41260363
21	71387	71401	rs2091891	rs62235439	41261391	41262655
21	71403	71469	rs11088498	rs2837286	41263719	41276290
21	71471	71474	rs6517577	rs2299762	41276796	41277700
21	71481	71482	rs2244287	rs968582	41278929	41278955
21	71483	71509	rs2244297	rs2837288	41279109	41282995
21	71511	71513	rs2299782	rs994810	41283792	41284211
21	71514	71516	rs9808735	rs9982700	41284522	41284677
21	71517	71535	rs9808778	rs7276341	41284682	41287057
21	71536	71583	rs78308060	rs2238703	41287638	41301355
21	71584	71625	rs7280722	rs9981196	41301864	41309487
21	71628	71629	rs12482448	rs9978224	41309717	41309823
21	71631	71738	rs12482580	rs60596029	41310443	41342227
21	71740	71741	rs2776331	rs1632648	41343292	41343592
21	71742	71753	rs2837338	rs1235555	41343650	41345172
21	71759	71760	rs75822133	rs62236605	41346212	41346214
21	71765	71767	rs62236619	rs992039	41348212	41348521
21	71768	71769	rs1734850	rs7275368	41349998	41350108
21	71771	71774	rs1010836	rs8134993	41351123	41351895
21	71775	71869	rs13051444	rs4818106	41352299	41372572
21	71871	71919	rs59175043	rs8133488	41373377	41388360
21	71923	72005	rs9980472	rs928293	41390174	41412642
21	72006	72178	rs8128025	rs73221370	41413744	41451496
21	72179	72183	rs433836	rs2256641	41451604	41451851
21	72184	72198	rs2837424	rs7275547	41452034	41462760
21	72199	72204	rs11701806	rs7277323	41463804	41464636
21	72205	72375	rs396581	rs1474494	41464641	41519564
21	72376	72384	rs4816674	rs8130732	41519790	41523507
21	72390	72409	rs8132673	rs7275239	41525276	41531337
21	72413	72445	rs7280615	rs2837477	41532663	41542200
21	72446	72447	rs2837478	rs2898401	41543786	41544215
21	72448	72465	rs8131802	rs8130905	41544738	41549769
21	72466	72484	rs10854401	rs66470706	41550463	41558278
21	72485	72551	rs726105	rs1554937	41563222	41578375
21	72553	72559	rs2837504	rs9636967	41578585	41582736
21	72560	72668	rs2837507	rs8134162	41583547	41622597
21	72669	72677	rs2222978	rs7276251	41623062	41628423
21	72679	72712	rs6517587	rs7275297	41636263	41666599
21	72715	72775	rs3818651	rs2205096	41668217	41683405
21	72777	72781	rs1007307	rs1882760	41684888	41688767
21	72784	72794	rs73371761	rs8134631	41693634	41704067
21	72798	72842	rs2837572	rs8132944	41709389	41738536
21	72843	72867	rs2837581	rs2837602	41739687	41760126
21	72869	72888	rs2837605	rs2837614	41761210	41766224
21	72890	72954	rs9980018	rs13050768	41769924	41801395
21	72955	72956	rs4816682	rs2205086	41801762	41802307
21	72959	72975	rs6517591	rs10439672	41804148	41813285
21	72976	73299	rs11702220	rs76415774	41813484	41908053
21	73301	73326	rs148088289	rs79558592	41908598	41917188
21	73329	73331	rs55714611	rs78209064	41917545	41917971
21	73334	73402	rs1554936	rs2837705	41918958	41930801
21	73403	73407	rs28522219	rs2015585	41931759	41932452
21	73411	73620	rs34797708	rs28526702	41934946	42000488
21	73621	73622	rs76864567	rs7277699	42001590	42002154
21	73625	73752	rs73370802	rs73218245	42003934	42027605
21	73754	73759	rs11701167	rs2837768	42027896	42030007
21	73764	73924	rs10854404	rs2837783	42031202	42059090
21	73926	73984	rs4818163	rs62223029	42060335	42084250
21	73985	73986	rs66461687	rs34236447	42084895	42085284
21	73987	74005	rs7276043	rs2837797	42085920	42103297
21	74006	74224	rs57736686	rs6517619	42104121	42183389
21	74228	74232	rs2837835	rs78823543	42187416	42190846
21	74235	74251	rs7278314	rs7281495	42192114	42199662
21	74256	74313	rs760129	rs2837857	42201921	42216955
21	74314	74332	rs9975082	rs13046100	42218928	42224601
21	74335	74336	rs8130871	rs8133945	42226148	42226166
21	74338	74407	rs78486492	rs11701591	42226663	42250148
21	74409	74419	rs11088533	rs6517634	42253062	42255907
21	74421	74425	rs7281256	rs6517637	42257390	42257606
21	74427	74474	rs2837860	rs4581977	42259075	42274582
21	74476	74510	rs28706422	rs7275425	42276108	42282783
21	74512	74706	rs9977379	rs113758302	42283466	42333736
21	74707	74708	rs73356525	rs9976194	42333827	42333908
21	74709	74787	rs7278669	rs2837895	42335080	42377715
21	74788	74790	rs2026277	rs35976647	42378317	42378656
21	74795	74832	rs9980256	rs35305730	42381180	42395911
21	74833	74835	rs7279575	rs73217792	42396678	42396762
21	74836	74897	rs2410357	rs36014071	42397226	42426466
21	74898	74902	rs34275925	rs9983689	42426694	42428264
21	74903	74904	rs2094877	rs62218915	42428769	42428951
21	74905	74906	rs78234887	rs2104809	42429912	42430011
21	74907	75112	rs4818192	rs13047759	42430971	42484849
21	75114	75117	rs13050861	rs71318557	42485808	42486410
21	75118	75128	rs67634513	rs8129709	42486600	42489796
21	75130	75132	rs2837957	rs9983022	42491120	42491221
21	75133	75139	rs9974506	rs11088543	42491618	42492724
21	75142	75159	rs10854410	rs36090957	42494807	42503585
21	75161	75162	rs1571730	rs1571731	42504281	42504356
21	75163	75215	rs1467755	rs9974272	42505575	42521711
21	75216	75263	rs11700578	rs2210277	42522350	42536308
21	75264	75274	rs11702409	rs734757	42537012	42543663
21	75280	75288	rs3804026	rs79953457	42547293	42551788
21	75292	75293	rs3949725	rs77922633	42556413	42556519
21	75294	75299	rs8130833	rs9980345	42556885	42564184
21	75300	75313	rs4818220	rs8131198	42566132	42570841
21	75314	75315	rs9977370	rs115064042	42571741	42572129
21	75319	75325	rs3787933	rs138837252	42573589	42576164
21	75326	75355	rs35291683	rs914183	42576275	42586495
21	75356	75358	rs2837968	rs10451740	42586604	42588731
21	75359	75367	rs9981547	rs11701773	42589384	42594293
21	75369	75385	rs34616176	rs9978837	42595176	42605846
21	75388	75398	rs2898441	rs73366468	42606524	42612880
21	75400	75416	rs73222273	rs2837988	42613545	42619544
21	75417	75440	rs914186	rs4818225	42619657	42629895
21	75441	75508	rs2837998	rs58795078	42630093	42656617
21	75509	75512	rs2006737	rs1072869	42657187	42657548
21	75514	75575	rs2410417	rs73226109	42658486	42691479
21	75576	75577	rs73226110	rs4818232	42691622	42691645
21	75578	75580	rs12483517	rs2838009	42691920	42694284
21	75581	75595	rs2838010	rs433654	42694633	42707166
21	75601	75638	rs7278951	rs11701182	42711456	42727302
21	75642	75647	rs757368	rs115460335	42729591	42732963
21	75650	75682	rs2838029	rs2065327	42735719	42748319
21	75685	75698	rs36019198	rs8127870	42750412	42756996
21	75700	75726	rs373066	rs73905349	42757620	42765471
21	75729	75730	rs368750	rs369908	42766792	42767133
21	75732	75763	rs445959	rs112222106	42767272	42791653
21	75764	75780	rs457274	rs117094906	42792485	42798261
21	75781	75914	rs28631006	rs2072683	42799513	42824449
21	75915	75917	rs1050008	rs467798	42824661	42824874
21	75918	75981	rs2280808	rs461194	42825044	42839299
21	75982	76093	rs743542	rs402303	42840172	42865151
21	76100	76241	rs34256269	rs73231921	42868876	42900167
21	76242	76295	rs884166	rs35399628	42900599	42914758
21	76300	76302	rs7278987	rs9975499	42917421	42918166
21	76304	76305	rs11701152	rs2187236	42918795	42919545
21	76306	76336	rs1557371	rs4818249	42919922	42928198
21	76339	76455	rs2838064	rs117856552	42930177	42953626
21	76457	76458	rs28675193	rs67005479	42954903	42955066
21	76459	76461	rs76705102	rs62219341	43005665	43005842
21	76464	76465	rs76330225	rs58673630	43007201	43007672
21	76466	76522	rs151237231	rs9285727	43008714	43026175
21	76523	76525	rs7278439	rs74688298	43026334	43026507
21	76526	76566	rs12482523	rs2838074	43026736	43032820
21	76567	76568	rs3850708	rs4378891	43033307	43033338
21	76573	76611	rs9977018	rs9974223	43036969	43046412
21	76613	76653	rs2309093	rs9976972	43047492	43060084
21	76655	76667	rs7275770	rs2838082	43060671	43062929
21	76670	76686	rs7282146	rs2402161	43063756	43073941
21	76688	76689	rs8129208	rs2309099	43074507	43074513
21	76695	76697	rs2248865	rs2849685	43076296	43076906
21	76699	76704	rs9977719	rs9981109	43077791	43080127
21	76705	76737	rs2252109	rs2776351	43080428	43088283
21	76738	76743	rs35192254	rs2838087	43088743	43089302
21	76745	76781	rs2776355	rs2776364	43090830	43098532
21	76784	76785	rs12106341	rs56170581	43099585	43100718
21	76786	76791	rs56289122	rs9917486	43101272	43102097
21	76794	76845	rs2776367	rs7282417	43104038	43120512
21	76846	76865	rs7281615	rs8130711	43120580	43121958
21	76868	76869	rs6586224	rs6586225	43122243	43122327
21	76875	76885	rs7279092	rs11203151	43123052	43125561
21	76886	76921	rs3930584	rs62214242	43125707	43132745
21	76922	76940	rs11701067	rs8132748	43132878	43135074
21	76942	76975	rs4919931	rs59564368	43135545	43140935
21	76977	76978	rs6586230	rs12626864	43141441	43141467
21	76980	76983	rs116837266	rs35677462	43141705	43142596
21	76991	76993	rs4407339	rs76079367	43145983	43146086
21	76994	76996	rs73369647	rs3930265	43146201	43146349
21	77000	77152	rs2838102	rs7283380	43147004	43191594
21	77153	77194	rs4377411	rs34712210	43191661	43199623
21	77195	77203	rs34567828	rs74625496	43199652	43201086
21	77204	77348	rs3018513	rs28477638	43201116	43239972
21	77349	77361	rs28360602	rs62216235	43240356	43242083
21	77362	77364	rs28648706	rs28502553	43242091	43242691
21	77365	77583	rs28709710	rs4541321	43242760	43295752
21	77585	77596	rs11203192	rs8130641	43296613	43300354
21	77597	77609	rs111353980	rs35840201	43300472	43303558
21	77611	77663	rs138099545	rs2839411	43304493	43315057
21	77665	77693	rs2839414	rs396690	43316085	43320750
21	77696	77697	rs3819159	rs382736	43321426	43321528
21	77699	77701	rs8129406	rs376029	43322447	43322866
21	77702	77765	rs426173	rs9798626	43322990	43335417
21	77767	77794	rs9798669	rs139407747	43335791	43344706
21	77799	77830	rs13052308	rs9325617	43347556	43359769
21	77831	77833	rs448397	rs56908131	43360888	43362204
21	77836	77848	rs113678508	rs4920032	43363473	43368105
21	77849	77850	rs8128279	rs9978540	43369059	43369599
21	77851	77892	rs12185851	rs7275451	43372219	43387056
21	77893	77896	rs57630204	rs568517	43387212	43388589
21	77898	78006	rs1963768	rs2839436	43389149	43434601
21	78010	78033	rs220197	rs7276454	43437886	43440838
21	78036	78048	rs220216	rs2839440	43441554	43443498
21	78049	78052	rs220219	rs220220	43444414	43444513
21	78054	78098	rs11701948	rs79280913	43445292	43457469
21	78100	78101	rs429870	rs446831	43458204	43458205
21	78102	78104	rs2839448	rs73369515	43458574	43458745
21	78108	78111	rs78494579	rs150790	43460247	43460496
21	78117	78177	rs150794	rs58180902	43461809	43480520
21	78178	78189	rs412911	rs220265	43480843	43482583
21	78190	78199	rs12627387	rs73371536	43482926	43485295
21	78200	78221	rs150801	rs220282	43485678	43493756
21	78222	78243	rs220283	rs220298	43494604	43499167
21	78246	78252	rs62215118	rs17114345	43500623	43501538
21	78255	78263	rs220299	rs9982856	43502762	43504548
21	78265	78266	rs7276814	rs749020	43506057	43506485
21	78267	78297	rs58788126	rs59945925	43507189	43517594
21	78298	78395	rs220310	rs2187240	43518323	43534835
21	78397	78400	rs73223546	rs220142	43536262	43537155
21	78401	78417	rs220143	rs113839795	43537494	43541010
21	78419	78431	rs220151	rs80040922	43542379	43547165
21	78432	78469	rs9984766	rs35523457	43547612	43554337
21	78470	78472	rs12626876	rs220168	43554401	43554571
21	78473	78474	rs12483133	rs12482263	43554732	43554837
21	78475	78476	rs12481836	rs10222085	43554869	43554924
21	78477	78482	rs60950689	rs220170	43555026	43555300
21	78484	78485	rs11911271	rs11909133	43555491	43555613
21	78487	78514	rs220171	rs3819146	43555662	43558402
21	78515	78586	rs3819147	rs9637293	43558448	43570977
21	78588	78598	rs220184	rs28655628	43571418	43578317
21	78599	78670	rs9983523	rs221955	43578837	43607649
21	78674	78677	rs2839476	rs61207594	43609680	43610807
21	78678	78762	rs2839477	rs4148104	43611735	43642438
21	78764	78802	rs12627318	rs76031955	43643583	43663827
21	78803	78805	rs4148117	rs2839478	43666065	43667082
21	78808	78809	rs3787980	rs3787981	43672637	43672638
21	78810	78854	rs4148120	rs225398	43673477	43688594
21	78855	78920	rs532345	rs9653812	43689491	43705725
21	78925	78933	rs4920080	rs914189	43708766	43710909
21	78934	78939	rs111067089	rs3788010	43713610	43716022
21	78940	78941	rs1044317	rs1541290	43716901	43718483
21	78942	78962	rs4148140	rs6586308	43718611	43727683
21	78965	78975	rs225437	rs225361	43730795	43734984
21	78976	79018	rs225362	rs55658867	43737135	43755902
21	79020	79043	rs178737	rs225334	43758901	43766560
21	79045	79108	rs225336	rs225355	43767414	43784482
21	79109	79113	rs225356	rs13051704	43786068	43786371
21	79115	79116	rs2156310	rs3761376	43786606	43787038
21	79117	79145	rs225359	rs35981368	43787436	43793487
21	79146	79148	rs2839492	rs225311	43793625	43793772
21	79149	79153	rs73225477	rs748373	43794014	43794493
21	79154	79155	rs876125	rs755946	43794827	43795165
21	79156	79195	rs894287	rs35275001	43795256	43808215
21	79197	79198	rs186531	rs225432	43808927	43808964
21	79199	79200	rs225433	rs3814899	43809418	43809494
21	79201	79217	rs113163435	rs225320	43810783	43815876
21	79222	79313	rs8129606	rs12482947	43817433	43852037
21	79314	79338	rs58639264	rs4920104	43852146	43864519
21	79339	79340	rs2839517	rs3788015	43865297	43865590
21	79342	79344	rs3827231	rs11910104	43866166	43866169
21	79347	79373	rs3827232	rs1475890	43867059	43877017
21	79376	79423	rs2839527	rs117385282	43878213	43896143
21	79425	79427	rs59317074	rs56825875	43897194	43897276
21	79428	79429	rs11700646	rs190105066	43897293	43897303
21	79431	79433	rs532561393	rs562983482	43897332	43897334
21	79435	79520	rs12482483	rs2282555	43898112	43946713
21	79521	79747	rs3788020	rs395610	43947353	44020433
21	79749	79750	rs34203675	rs449543	44021465	44021467
21	79752	79755	rs410698	rs62213026	44021566	44021828
21	79758	79774	rs1232668	rs147474145	44022516	44025311
21	79775	79784	rs117779778	rs1788456	44025547	44028847
21	79785	79856	rs9980876	rs2249527	44029673	44050015
21	79857	79858	rs12627291	rs17115302	44051327	44051855
21	79860	79928	rs62213046	rs11700464	44053205	44070346
21	79929	79930	rs228036	rs228037	44071025	44071639
21	79931	79932	rs228038	rs228039	44071939	44072193
21	79933	79962	rs2269124	rs1078487	44072360	44078799
21	79964	79989	rs71320536	rs2269135	44080009	44087239
21	79991	80037	rs2284957	rs59068774	44088258	44102313
21	80039	80044	rs369545782	rs2839571	44103667	44104858
21	80045	80050	rs62215395	rs2839572	44105866	44107214
21	80051	80209	rs57524259	rs13053087	44107299	44157712
21	80210	80212	rs62213385	rs75905062	44158264	44158447
21	80214	80235	rs9976235	rs9637308	44160538	44166588
21	80237	80253	rs2839582	rs4920000	44168553	44174445
21	80255	80263	rs2269160	rs7279709	44175596	44180075
21	80264	80267	rs13047953	rs1547379	44180443	44180916
21	80268	80330	rs2269163	rs62643393	44181240	44189679
21	80332	80333	rs6586345	rs6586346	44189948	44189983
21	80334	80339	rs6586347	rs13048753	44190077	44190727
21	80340	80343	rs2269173	rs2269175	44191131	44191431
21	80344	80345	rs13048220	rs9978277	44191502	44191859
21	80346	80347	rs9981362	rs57377108	44192024	44192136
21	80348	80349	rs2276240	rs9974366	44192240	44192335
21	80350	80352	rs61128886	rs7279035	44193830	44194083
21	80353	80355	rs71320558	rs76890375	44194175	44194210
21	80356	80357	rs9637296	rs2068769	44195374	44195804
21	80358	80368	rs73231618	rs578205332	44196228	44198915
21	80371	80372	rs141505025	rs13053030	44199142	44199143
21	80373	80381	rs35896707	rs9653817	44199162	44200676
21	80382	80391	rs9976680	rs115576229	44200761	44201866
21	80394	80409	rs2002004	rs12053711	44203367	44209322
21	80410	81545	rs9985015	rs1788490	44209345	44467551
21	81548	81549	rs12482144	rs9977307	44468384	44468432
21	81552	81653	rs11701704	rs73372399	44469404	44502816
21	81654	81655	rs8127036	rs234783	44503173	44503243
21	81660	81669	rs12483178	rs3972	44504755	44506201
21	81672	81673	rs9977396	rs2187249	44507418	44507568
21	81674	81797	rs8130035	rs9974971	44507665	44568074
21	81800	81830	rs13052393	rs13047512	44569366	44581550
21	81831	81832	rs77084473	rs8127377	44582411	44582440
21	81833	81869	rs8130288	rs2401155	44583170	44594706
21	81875	81895	rs9975271	rs79509290	44598497	44604184
21	81896	81911	rs2839644	rs28564100	44604272	44607273
21	81912	81915	rs28699137	rs111740092	44608316	44608781
21	81917	81935	rs7278370	rs11702821	44609628	44623842
21	81937	81955	rs8133281	rs28972086	44626269	44632513
21	81957	81960	rs201912430	rs200943119	44689962	44691243
21	81961	81962	rs202187195	rs113743762	44691854	44695577
21	81963	81970	rs140537702	rs201308791	44698617	44703410
21	81972	82013	rs11089015	rs11911601	44710408	44720839
21	82014	82018	rs62218907	rs8130169	44721370	44721475
21	82020	82037	rs78831353	rs546428	44721977	44728354
21	82038	82051	rs551937	rs635216	44728926	44732041
21	82055	82070	rs116728122	rs75972870	44735891	44738989
21	82077	82098	rs688515	rs564352	44741551	44749141
21	82100	82107	rs86133	rs540025	44750200	44751574
21	82108	82140	rs4819342	rs2838273	44752181	44762655
21	82142	82186	rs7280219	rs7277802	44764506	44773812
21	82190	82225	rs9981625	rs56914063	44775278	44781489
21	82227	82308	rs559652	rs78722407	44782051	44804391
21	82309	82310	rs28682938	rs115035468	44805132	44805707
21	82311	82333	rs2838293	rs2838297	44806314	44815897
21	82336	82338	rs80293115	rs510170	44818803	44819411
21	82341	82353	rs117671999	rs7282901	44820779	44824263
21	82354	82355	rs554781	rs556330	44824854	44824964
21	82358	82361	rs13051273	rs581115	44825421	44825431
21	82363	82380	rs471712	rs575818	44825536	44831386
21	82381	82385	rs743450	rs743453	44831529	44832135
21	82386	82389	rs495827	rs500351	44832427	44832872
21	82390	82474	rs857549	rs229349	44832934	44860143
21	82476	82525	rs7282498	rs162386	44861167	44875495
21	82528	82529	rs162385	rs34381573	44877430	44877573
21	82531	82539	rs464399	rs229341	44877988	44889292
21	82541	82543	rs8133780	rs162348	44906099	44913747
21	82545	82867	rs12626992	rs13053089	44914581	45135385
21	82870	82915	rs876345	rs2299806	45136984	45154144
21	82916	82917	rs9985073	rs73373294	45155876	45157128
21	82919	82920	rs9981955	rs9984818	45158544	45158689
21	82921	82924	rs149648969	rs2299807	45159096	45160099
21	82927	82936	rs189538749	rs113597750	45161335	45168709
21	82937	82945	rs11539534	rs762398	45168884	45170813
21	82946	83511	rs577692629	rs13340021	45171960	45344134
21	83513	83532	rs3827246	rs3788082	45344799	45354189
21	83534	83546	rs2838440	rs78746848	45354442	45357285
21	83547	83548	rs4819350	rs2838442	45357301	45357730
21	83552	83576	rs2838443	rs8134198	45359808	45369535
21	83580	83616	rs2838447	rs6518342	45370888	45387109
21	83618	83622	rs2070542	rs78512431	45388644	45390737
21	83624	83625	rs3737360	rs9976628	45391255	45391752
21	83628	83655	rs3788095	rs2838463	45392923	45403232
21	83657	83673	rs11537798	rs8133463	45403546	45409890
21	83674	83687	rs114102613	rs743469	45410123	45413341
21	83688	83691	rs4819359	rs6518343	45413645	45414454
21	83692	84078	rs112623020	rs74775678	45414833	45602809
21	84080	84081	rs62228182	rs4819386	45604465	45604577
21	84082	84083	rs35430306	rs7276120	45605272	45605448
21	84088	84162	rs116383843	rs8126495	45607996	45624136
21	84163	84164	rs56178904	rs7282137	45624551	45624667
21	84165	84167	rs3746958	rs80351068	45625045	45625668
21	84168	84198	rs56158034	rs9984895	45627228	45634089
21	84199	84200	rs12482400	rs62228219	45634148	45634160
21	84203	84204	rs531572255	rs55893152	45634289	45634294
21	84205	84315	rs73381341	rs11701174	45634636	45652756
21	84316	84317	rs76528571	rs73229000	45653275	45653292
21	84319	84333	rs7281454	rs78732684	45653759	45659162
21	84334	84373	rs8127483	rs62226873	45659183	45672285
21	84374	84375	rs138247506	rs115075075	45672692	45672793
21	84377	84469	rs2070562	rs2850167	45674095	45702354
21	84472	84479	rs111469885	rs3761389	45703244	45704938
21	84485	84501	rs1003853	rs2741985	45708848	45711867
21	84502	84504	rs1800525	rs1800521	45712290	45712977
21	84505	84506	rs111411199	rs1800526	45714020	45714256
21	84507	84509	rs41296229	rs3788113	45714520	45715620
21	84510	84511	rs760426	rs760427	45715814	45715991
21	84513	84521	rs2075878	rs75176081	45716532	45718427
21	84522	84632	rs56295824	rs4818709	45720571	45752414
21	84633	84635	rs35498868	rs62220411	45753891	45755808
21	84636	84668	rs14313	rs55713305	45756015	45768013
21	84669	84670	rs734336	rs2096860	45768350	45768598
21	84672	84734	rs59394517	rs11911332	45770725	45803612
21	84735	84741	rs62218767	rs2838557	45804596	45812703
21	84743	84744	rs371831935	rs28483980	45815582	45815586
21	84747	84827	rs1785468	rs544683945	45817212	45846441
21	84829	84853	rs3788123	rs7283613	45847625	45856408
21	84856	84955	rs8131919	rs13048314	45858141	45904437
21	84957	84968	rs2329817	rs233228	45916908	45934200
21	84969	85013	rs60390607	rs62220861	45939057	45962371
21	85016	85020	rs233323	rs233233	45964669	45968373
21	85021	85022	rs7280667	rs147333548	45968739	45969024
21	85023	85063	rs6518194	rs2838588	45969601	45977111
21	85065	85198	rs233252	rs233288	45978090	46008270
21	85199	85201	rs233289	rs233291	46008416	46008453
21	85202	85203	rs1785470	rs1699040	46008875	46008878
21	85204	85205	rs433396	rs390496	46008933	46008934
21	85207	85219	rs233293	rs58757665	46010134	46011687
21	85221	85364	rs201732843	rs8126931	46012181	46042375
21	85369	85379	rs8134285	rs62220923	46045354	46046768
21	85380	85741	rs11702317	rs28714550	46046804	46126395
21	85743	85765	rs743499	rs878127	46126417	46129035
21	85768	85769	rs79379722	rs73234886	46130325	46130548
21	85771	85808	rs75234928	rs75833652	46131801	46142745
21	85813	85814	rs235378	rs189288	46143974	46143989
21	85816	85820	rs11701336	rs235380	46145518	46145741
21	85821	85822	rs235381	rs235382	46146211	46146263
21	85824	85943	rs170966	rs387361	46147036	46174981
21	85945	85946	rs35353717	rs388296	46175328	46175364
21	85947	85948	rs13050798	rs1107053	46175366	46175545
21	85949	85950	rs396999	rs35907272	46175935	46175937
21	85952	85953	rs4818971	rs4818972	46176796	46176838
21	85956	85983	rs9647228	rs658657	46178515	46184864
21	85984	86141	rs3788134	rs13049623	46186603	46244187
21	86142	86385	rs13049630	rs235377	46244215	46308212
21	86386	86410	rs882549	rs9979014	46308441	46316338
21	86411	86420	rs3788142	rs2838730	46316640	46319492
21	86421	86422	rs12627394	rs12627407	46319923	46319965
21	86423	86424	rs2230528	rs5030670	46320313	46320403
21	86427	86493	rs760464	rs12626397	46321035	46336082
21	86495	86496	rs78754053	rs7277900	46336502	46336509
21	86500	86501	rs56332357	rs56056043	46337226	46337271
21	86505	86549	rs8130796	rs4818986	46338850	46347345
21	86551	86751	rs4818988	rs1467854	46348764	46420741
21	86754	86779	rs881969	rs73226689	46421694	46428873
21	86780	86783	rs35850638	rs34281657	46429442	46430228
21	86785	86790	rs7282057	rs9978387	46432974	46434301
21	86792	86829	rs562206117	rs2838755	46437950	46453498
21	86830	86873	rs8129133	rs8132813	46454237	46483467
21	86878	87004	rs6518211	rs2838793	46485406	46566044
21	87005	87120	rs403694	rs7281757	46567625	46636161
21	87122	87124	rs9637192	rs1051367	46637413	46641968
21	87126	87131	rs11701974	rs2838821	46644563	46646546
21	87134	87403	rs748559	rs2294171	46647582	46720010
21	87405	87409	rs113412669	rs2294172	46720590	46722090
21	87410	87440	rs2294173	rs34700676	46722170	46736292
21	87442	87445	rs2838873	rs9980863	46739353	46741379
21	87453	87456	rs55654356	rs78070270	46743575	46744481
21	87458	87466	rs8131252	rs57472720	46745641	46748135
21	87467	87495	rs73907414	rs76795170	46748425	46758907
21	87496	87498	rs59866399	rs9637167	46759072	46759886
21	87504	87728	rs4819066	rs11911914	46762448	46809467
21	87729	87768	rs4819090	rs2026884	46809884	46818579
21	87771	87775	rs4819097	rs11089000	46819149	46820107
21	87776	87790	rs2330105	rs9941800	46820786	46822554
21	87796	87818	rs34975687	rs71334063	46825723	46832345
21	87819	87838	rs2838907	rs11089002	46834311	46838656
21	87839	88205	rs8128728	rs8126955	46838701	46922934
21	88212	88214	rs13048249	rs62214274	46924977	46925425
21	88216	88239	rs10483080	rs4605457	46926002	46930796
21	88240	88242	rs116087241	rs55690336	46930948	46930993
21	88243	88244	rs2236484	rs9975694	46931684	46931727
21	88245	88269	rs7499	rs11089010	46932328	46948484
21	88271	88305	rs2838958	rs9976727	46948567	46959179
21	88308	88309	rs4311136	rs536189929	46961903	46962085
21	88310	88328	rs3788205	rs9983073	46964378	46976834
21	88330	88393	rs7283000	rs12482232	46978877	47007491
21	88394	88403	rs62214350	rs9647239	47010518	47012453
21	88405	88438	rs11089016	rs8134686	47014657	47030606
21	88441	88444	rs34574907	rs9977111	47031149	47032332
21	88445	88452	rs9976523	rs2094885	47032395	47036019
21	88454	89403	rs148399323	rs13051496	47036559	47423509
21	89404	89406	rs1053320	rs9254	47423636	47424346
21	89410	89537	rs13052665	rs2839093	47426390	47469221
21	89543	89681	rs28528982	rs12481743	47470831	47490767
21	89682	89683	rs2839098	rs8134988	47490970	47491014
21	89687	89702	rs73159671	rs58059887	47493656	47496866
21	89703	89707	rs4819198	rs62213131	47497510	47498280
21	89711	89719	rs2839102	rs111418172	47501261	47502355
21	89721	89755	rs73159674	rs9982178	47503055	47514916
21	89756	89757	rs869086	rs869087	47515425	47515645
21	89760	89926	rs1475915	rs10432965	47517157	47557222
21	89930	89934	rs1047179	rs372393663	47558473	47558904
21	89935	89936	rs1980983	rs55978031	47558994	47559348
21	89937	89990	rs55940244	rs58309404	47559419	47571429
21	89996	90092	rs8134417	rs2839134	47573696	47591782
21	90094	90143	rs2330401	rs6518276	47592048	47602157
21	90144	90145	rs67381056	rs2330407	47602249	47602907
21	90147	90148	rs56293013	rs35960150	47603413	47603509
21	90149	90151	rs62215189	rs116442826	47603995	47604708
21	90152	90154	rs12482390	rs79937763	47605225	47605510
21	90156	90157	rs61120530	rs58500685	47606921	47606925
21	90158	90159	rs140555017	rs9984805	47607045	47607057
21	90160	90220	rs28801979	rs113453991	47607088	47630962
21	90221	90222	rs2001809	rs2009213	47631199	47631245
21	90224	90276	rs2839148	rs999691	47632276	47647382
21	90277	90285	rs915803	rs2839161	47648872	47652228
21	90287	90358	rs2839162	rs17182788	47652549	47687982
21	90359	90360	rs62223659	rs2839184	47688892	47689013
21	90361	90363	rs2839185	rs7510515	47689734	47690682
21	90364	90366	rs2839187	rs34358516	47690949	47691314
21	90367	90400	rs7409792	rs17176131	47691729	47705237
21	90402	90418	rs17182531	rs2839196	47705794	47708037
21	90420	90423	rs59691409	rs7275639	47708195	47708333
21	90424	91568	rs373381036	rs367969250	47708358	48097953
21	91570	91571	rs10483083	rs140397744	48100155	48100711
21	91572	91573	rs2839380	rs55912899	48101335	48104004
21	91578	91579	rs201322600	rs200588038	48114083	48114644
21	91580	91581	rs11910421	rs149048580	48117699	48119634
